-9584640
-10420224
-10076160
-10502144
-9306112
-9306112
-9273344
-9437184
-10338304
-10338304
-9289728
-10534912
-8765440
-8454144
-8486912
-9338880
-10371072
-9388032
-9732096
-10125312
-9486336
-9338880
-8306688
-10158080
-9699328
-8273920
-9207808
-10158080
-9551872
-8732672
-9748480
-10567680
-9715712
-9961472
-10108928
-9863168
-10534912
-9699328
-9666560
-10502144
-9633792
-10059776
-9060352
-10108928
-10059776
-8634368
-10158080
-10649600
-10289152
-9125888
-9043968
-10174464
-9797632
-8290304
-8929280
-9060352
-9715712
-10469376
-10764288
-10076160
-9715712
-10010624
-9633792
-10010624
-10551296
-9158656
-10665984
-9224192
-9306112
-9306112
-9650176
-9551872
-9551872
-8568832
-9388032
-8912896
-9224192
-9027584
-9994240
-8699904
-8994816
-8945664
-9928704
-9158656
-8568832
-8781824
-10010624
-9420800
-9601024
-9568256
-9650176
-9437184
-9830400
-9895936
-10043392
-8945664
-9732096
-9928704
-10452992
-9158656
-8863744
-9273344
-9863168
-9764864
-9011200
-9994240
-9699328
-9437184
-8863744
-9715712
-9715712
-8650752
-9158656
-9093120
-10354688
-8880128
-9256960
-10600448
-10059776
-8929280
-9175040
-10829824
-9388032
-8978432
-9715712
-9699328
-9289728
-9404416
-9420800
-9191424
-10027008
-8617984
-8224768
-9830400
-9846784
-10502144
-8863744
-10223616
-9601024
-9633792
-8486912
-10289152
-9469952
-9797632
-9633792
-10403840
-9502720
-9027584
-9879552
-9502720
-9076736
-9076736
-8929280
-9273344
-9928704
-8847360
-9273344
-9191424
-9355264
-9666560
-9338880
-9994240
-9273344
-9224192
-10567680
-9158656
-9338880
-9879552
-9420800
-10485760
-9158656
-9437184
-9682944
-9355264
-9224192
-9142272
-9601024
-9601024
-9043968
-9633792
-9519104
-9830400
-9175040
-9699328
-9519104
-10141696
-8945664
-10567680
-9682944
-9093120
-8929280
-10240000
-9224192
-9355264
-9011200
-9846784
-9420800
-9306112
-9027584
-10076160
-9781248
-8732672
-9404416
-9633792
-8814592
-10141696
-8568832
-9306112
-9388032
-9076736
-9601024
-9371648
-8962048
-9224192
-8732672
-9076736
-10485760
-9175040
-10649600
-10272768
-9404416
-9256960
-9224192
-9830400
-10354688
-10256384
-9601024
-10469376
-10764288
-8372224
-9306112
-9142272
-10551296
-10289152
-9388032
-9961472
-9633792
-8962048
-10190848
-9945088
-9748480
-10289152
-10649600
-10469376
-11370496
-10010624
-10698752
-9601024
-9420800
-9322496
-8945664
-10518528
-11173888
-9240576
-10649600
-10174464
-8798208
-9273344
-9420800
-8634368
-10272768
-9469952
-9175040
-10321920
-8863744
-9011200
-8880128
-8519680
-9797632
-10207232
-9814016
-10010624
-8945664
-8765440
-10158080
-8192000
-9027584
-9650176
-8880128
-10862592
-10289152
-9011200
-10125312
-8503296
-8208384
-9306112
-8962048
-9109504
-9830400
-9306112
-9437184
-9289728
-9748480
-9879552
-10223616
-10043392
-10027008
-9011200
-10846208
-9617408
-8568832
-9994240
-8962048
-8880128
-10092544
-9699328
-9584640
-9912320
-8732672
-9682944
-10141696
-8388608
-10043392
-11157504
-9682944
-9502720
-9633792
-8962048
-10534912
-8683520
-9551872
-10534912
-9273344
-10010624
-10485760
-10141696
-10797056
-9666560
-8962048
-9863168
-9601024
-8372224
-9601024
-10240000
-9240576
-9191424
-8962048
-8454144
-9977856
-8536064
-10059776
-9781248
-8749056
-9551872
-9830400
-8814592
-8994816
-8552448
-9584640
-10141696
-9519104
-11616256
-10240000
-10141696
-10076160
-9764864
-9699328
-8929280
-10403840
-9125888
-8585216
-9486336
-9568256
-8749056
-8503296
-10108928
-10059776
-8863744
-8585216
-9650176
-9486336
-9912320
-8142848
-8880128
-8978432
-9355264
-8912896
-9273344
-9469952
-8519680
-9519104
-10452992
-9961472
-9699328
-9912320
-9699328
-9961472
-9601024
-8306688
-9748480
-10174464
-9093120
-9453568
-9764864
-9650176
-9551872
-9863168
-9945088
-9699328
-9158656
-8683520
-10534912
-9027584
-9289728
-9732096
-10616832
-9502720
-9601024
-9338880
-10059776
-9519104
-9486336
-8749056
-9551872
-9224192
-9912320
-9256960
-9420800
-9420800
-9388032
-8945664
-10043392
-9437184
-10158080
-9732096
-9617408
-8880128
-9011200
-9830400
-9879552
-8617984
-10534912
-10452992
-9191424
-9191424
-8601600
-9486336
-9420800
-8798208
-9994240
-9748480
-8650752
-8781824
-9388032
-10043392
-9617408
-8536064
-10633216
-9633792
-9781248
-8814592
-9682944
-9846784
-9224192
-8683520
-9437184
-9633792
-9748480
-8830976
-10240000
-10141696
-9633792
-9060352
-8896512
-9584640
-9420800
-9715712
-9797632
-10108928
-9502720
-10436608
-10715136
-10010624
-9617408
-9715712
-11042816
-10272768
-9797632
-8994816
-9404416
-9551872
-10076160
-9289728
-10108928
-10682368
-9027584
-8568832
-9584640
-8699904
-9797632
-9453568
-9682944
-9846784
-10158080
-10649600
-9027584
-9158656
-9633792
-10010624
-8667136
-8847360
-9748480
-9715712
-9125888
-9306112
-9961472
-10387456
-9535488
-9371648
-10158080
-10190848
-10256384
-8699904
-10338304
-9076736
-9682944
-9781248
-9191424
-10190848
-10289152
-9846784
-9453568
-10911744
-8224768
-8634368
-9748480
-9814016
-10289152
-9535488
-10190848
-9617408
-9519104
-9224192
-9158656
-10649600
-8814592
-10272768
-10272768
-9928704
-9584640
-10649600
-9601024
-8765440
-9912320
-8896512
-8962048
-10338304
-9928704
-9043968
-10240000
-9846784
-8814592
-8863744
-8716288
-9240576
-9912320
-9355264
-10895360
-10158080
-9945088
-9109504
-9682944
-8912896
-9617408
-9273344
-10174464
-10485760
-9764864
-9666560
-10895360
-9863168
-9060352
-8863744
-11288576
-11206656
-9338880
-8830976
-9814016
-9043968
-9404416
-9846784
-10387456
-9502720
-10272768
-9371648
-9895936
-9125888
-9256960
-9994240
-10076160
-9240576
-9207808
-9355264
-8388608
-8601600
-9338880
-9732096
-9011200
-8568832
-10469376
-10223616
-9043968
-10600448
-9797632
-9945088
-9601024
-9240576
-9404416
-10371072
-9519104
-10846208
-9994240
-8437760
-9142272
-8536064
-9273344
-9322496
-9224192
-9666560
-9682944
-9519104
-9568256
-9633792
-10043392
-9027584
-9961472
-8683520
-10321920
-10321920
-9732096
-9404416
-9732096
-10600448
-10125312
-8093696
-10846208
-10584064
-9617408
-9322496
-9486336
-9732096
-9912320
-8749056
-10469376
-10420224
-8830976
-9715712
-9535488
-8978432
-9076736
-8650752
-9125888
-9863168
-9355264
-10207232
-10059776
-8945664
-9633792
-9814016
-9420800
-9879552
-10010624
-8912896
-9682944
-9289728
-9420800
-9830400
-9240576
-9027584
-9912320
-9322496
-10174464
-9306112
-8994816
-9994240
-9191424
-8880128
-9420800
-9830400
-9453568
-9633792
-8962048
-9633792
-9437184
-9584640
-9437184
-9584640
-9912320
-9502720
-9207808
-10616832
-9781248
-9437184
-8880128
-10354688
-8732672
-9781248
-10354688
-10076160
-9633792
-9879552
-9224192
-8814592
-8732672
-8732672
-9797632
-9453568
-8994816
-9469952
-10158080
-9830400
-9650176
-9797632
-9355264
-9682944
-9486336
-9093120
-9846784
-9830400
-9863168
-9076736
-9863168
-9388032
-9945088
-9437184
-9469952
-9338880
-9306112
-9420800
-9388032
-9125888
-9814016
-9682944
-9764864
-9863168
-9666560
-9732096
-10240000
-9895936
-9814016
-9437184
-9486336
-9469952
-9617408
-9814016
-9666560
-9437184
-9584640
-9830400
-9289728
-9568256
-9748480
-9420800
-9863168
-9158656
-9207808
-9551872
-9846784
-9502720
-9420800
-9879552
-9879552
-9814016
-8929280
-9895936
-9404416
-9568256
-10207232
-9535488
-9519104
-9912320
-9551872
-9027584
-9830400
-10321920
-9912320
-9650176
-10240000
-9764864
-10059776
-9961472
-9617408
-9961472
-9879552
-10371072
-10240000
-9535488
-9666560
-10158080
-9322496
-9830400
-9437184
-9879552
-9666560
-9961472
-8880128
-9945088
-9109504
-9830400
-9797632
-9601024
-9093120
-9797632
-9650176
-9043968
-9748480
-9027584
-9519104
-9764864
-9633792
-9830400
-9781248
-9699328
-10321920
-9846784
-9256960
-9420800
-9584640
-8847360
-9584640
-10289152
-9748480
-9732096
-9666560
-9388032
-9879552
-9781248
-9764864
-9715712
-8683520
-9207808
-9453568
-9191424
-9863168
-9732096
-9617408
-10190848
-9977856
-9142272
-9830400
-9224192
-9502720
-9797632
-9863168
-9715712
-9224192
-9715712
-9781248
-9388032
-9437184
-10223616
-9601024
-8716288
-9912320
-9666560
-9633792
-9011200
-9764864
-9158656
-8962048
-9682944
-10010624
-9011200
-9732096
-10698752
-9699328
-9207808
-9584640
-9732096
-9338880
-9256960
-9273344
-9568256
-9584640
-9682944
-10010624
-9732096
-9617408
-9388032
-9486336
-9437184
-8962048
-9519104
-8749056
-9060352
-9388032
-8798208
-9404416
-10010624
-9469952
-9076736
-9125888
-9109504
-9289728
-9060352
-9846784
-9060352
-9158656
-9584640
-8273920
-9420800
-9633792
-9584640
-9453568
-9207808
-8814592
-9650176
-9060352
-9142272
-8945664
-9322496
-9879552
-9355264
-9519104
-9404416
-9306112
-9486336
-9961472
-9650176
-8798208
-9158656
-9289728
-9551872
-9125888
-9322496
-9797632
-9781248
-9633792
-9240576
-9437184
-9191424
-9519104
-9420800
-9437184
-10027008
-9256960
-9895936
-9699328
-9175040
-9535488
-9584640
-9781248
-9682944
-9469952
-9469952
-10174464
-9502720
-9797632
-9945088
-9338880
-10158080
-9535488
-9666560
-9601024
-9617408
-9814016
-9650176
-9797632
-9781248
-9453568
-9945088
-9502720
-9764864
-10059776
-10158080
-9617408
-9617408
-9666560
-9912320
-9240576
-9289728
-9830400
-9977856
-9650176
-9797632
-9633792
-9502720
-9666560
-9945088
-9404416
-8994816
-10108928
-9420800
-9666560
-9027584
-9601024
-9732096
-9650176
-9650176
-9666560
-10043392
-10125312
-10272768
-10272768
-9568256
-9289728
-9191424
-9830400
-9371648
-9469952
-9502720
-9764864
-9601024
-10059776
-10010624
-9928704
-10436608
-9027584
-9338880
-8880128
-9060352
-9830400
-9125888
-9781248
-9945088
-8863744
-9289728
-9469952
-9240576
-9076736
-9158656
-8994816
-9666560
-9224192
-9814016
-9977856
-9764864
-10027008
-9650176
-9732096
-9863168
-10747904
-10125312
-9682944
-9928704
-9404416
-9158656
-9601024
-9797632
-9863168
-9928704
-9830400
-9535488
-9486336
-9830400
-9011200
-9601024
-9666560
-9322496
-9043968
-9420800
-9863168
-9699328
-9748480
-10027008
-9519104
-9584640
-9404416
-9568256
-9486336
-9682944
-9568256
-9273344
-9633792
-9109504
-9224192
-9420800
-9240576
-9764864
-9437184
-9682944
-9076736
-9945088
-9142272
-9404416
-9256960
-9846784
-9748480
-9797632
-9191424
-9043968
-10207232
-9797632
-9633792
-9682944
-10010624
-9977856
-9519104
-9797632
-9682944
-9715712
-9633792
-9928704
-9797632
-9732096
-9748480
-9338880
-9633792
-9879552
-9764864
-9617408
-9928704
-9224192
-9895936
-9404416
-9306112
-9764864
-9437184
-9912320
-9699328
-9420800
-9732096
-9699328
-10059776
-10059776
-9502720
-9977856
-10190848
-10158080
-9846784
-9633792
-9404416
-9797632
-9814016
-9502720
-9781248
-9846784
-10010624
-10289152
-9977856
-9682944
-9781248
-9535488
-9371648
-9666560
-9109504
-9338880
-10174464
-10240000
-10403840
-9469952
-9797632
-9895936
-9388032
-9535488
-9175040
-8929280
-9519104
-9814016
-9617408
-10141696
-9879552
-9469952
-9650176
-9338880
-9355264
-9338880
-10092544
-9699328
-9437184
-8912896
-9781248
-9338880
-9732096
-10321920
-9617408
-9863168
-10371072
-9797632
-9027584
-10141696
-9273344
-9388032
-10092544
-10305536
-9306112
-9846784
-10223616
-10027008
-9371648
-9076736
-10272768
-9273344
-9306112
-9764864
-9289728
-9076736
-8912896
-9338880
-9928704
-9158656
-10043392
-9273344
-9568256
-9617408
-9682944
-9699328
-9011200
-9404416
-9142272
-9994240
-9420800
-9912320
-10125312
-9994240
-10108928
-9551872
-9633792
-9601024
-9584640
-9895936
-9076736
-9175040
-9732096
-10125312
-9240576
-9650176
-10403840
-9797632
-9666560
-9060352
-9093120
-9109504
-9814016
-8994816
-8732672
-8863744
-10125312
-10174464
-9453568
-9879552
-9650176
-9076736
-9846784
-9748480
-9519104
-10059776
-10125312
-9191424
-10092544
-10108928
-9977856
-9846784
-9469952
-9650176
-8847360
-9224192
-9273344
-9584640
-9863168
-9666560
-9388032
-9158656
-9371648
-9404416
-9732096
-9437184
-9420800
-9453568
-9109504
-9076736
-8617984
-9125888
-9011200
-9650176
-9584640
-9224192
-9240576
-9699328
-9928704
-9814016
-10027008
-9240576
-9895936
-9666560
-9420800
-9764864
-10059776
-9781248
-9994240
-9601024
-9666560
-10256384
-10010624
-10059776
-9486336
-8896512
-9584640
-10043392
-9895936
-9469952
-9437184
-9404416
-9732096
-9355264
-9519104
-9650176
-9748480
-9814016
-9732096
-9535488
-9797632
-9437184
-9125888
-9715712
-9912320
-9142272
-9961472
-9945088
-9142272
-9830400
-9814016
-9322496
-9912320
-9420800
-9388032
-9928704
-10010624
-9551872
-9633792
-10059776
-10190848
-9732096
-9125888
-10027008
-9699328
-9338880
-10043392
-9895936
-9928704
-9912320
-9912320
-9453568
-9125888
-9682944
-9617408
-8716288
-9388032
-9535488
-9682944
-9519104
-9682944
-9486336
-9355264
-9584640
-9961472
-9273344
-9682944
-9797632
-9535488
-9797632
-8847360
-9158656
-9306112
-9306112
-9420800
-9535488
-9584640
-9355264
-9093120
-9158656
-9502720
-9502720
-9928704
-10059776
-9682944
-9830400
-9830400
-10043392
-9846784
-9256960
-9469952
-9830400
-10010624
-9420800
-9699328
-10158080
-9977856
-9584640
-9453568
-9125888
-9338880
-9420800
-9469952
-9289728
-8863744
-8486912
-9863168
-9453568
-8945664
-9306112
-9912320
-9355264
-9486336
-9797632
-9666560
-9338880
-9781248
-9682944
-9338880
-9617408
-9764864
-9469952
-10059776
-10420224
-9420800
-9420800
-9732096
-9453568
-9191424
-9584640
-9453568
-9371648
-8732672
-9469952
-9191424
-9519104
-9502720
-10207232
-8749056
-8781824
-9715712
-9764864
-9076736
-9469952
-9256960
-9437184
-8667136
-9961472
-9977856
-9682944
-10240000
-9519104
-9633792
-9650176
-9633792
-9945088
-9846784
-9814016
-9617408
-10125312
-10059776
-9076736
-9895936
-9994240
-9699328
-9732096
-9519104
-9437184
-9338880
-9142272
-9633792
-9093120
-9469952
-9420800
-9469952
-9486336
-9486336
-9994240
-9601024
-9551872
-9175040
-9125888
-9682944
-9568256
-9863168
-9256960
-10141696
-9502720
-9486336
-9601024
-9469952
-9846784
-8962048
-9207808
-9535488
-10076160
-9551872
-9568256
-9666560
-10240000
-9748480
-9453568
-10076160
-9502720
-9977856
-9682944
-9781248
-9535488
-9584640
-8962048
-9404416
-9568256
-9437184
-9568256
-9502720
-9797632
-9928704
-9650176
-9732096
-9388032
-10108928
-9650176
-10043392
-10289152
-10027008
-9568256
-9469952
-9650176
-9158656
-9584640
-9977856
-9469952
-9502720
-9912320
-9256960
-9437184
-9371648
-9043968
-9388032
-9142272
-9469952
-9551872
-8519680
-9125888
-9601024
-9322496
-9420800
-9142272
-8814592
-9715712
-9240576
-9289728
-9338880
-9338880
-9338880
-8962048
-9355264
-8683520
-9306112
-9650176
-9797632
-9863168
-9437184
-9863168
-9699328
-9748480
-10108928
-9240576
-9043968
-9617408
-9732096
-9535488
-9781248
-9879552
-9076736
-9109504
-9732096
-9388032
-8978432
-9551872
-9355264
-9142272
-9076736
-9437184
-9846784
-9338880
-10403840
-9830400
-10403840
-9011200
-9912320
-9568256
-8404992
-9273344
-9256960
-9486336
-9764864
-9568256
-9011200
-9895936
-9224192
-9175040
-9338880
-9846784
-9256960
-9256960
-9682944
-9601024
-9388032
-9994240
-9863168
-10027008
-10223616
-10223616
-9994240
-9814016
-9715712
-9404416
-9306112
-9633792
-9551872
-9830400
-9355264
-9666560
-9093120
-9519104
-9928704
-9519104
-9027584
-9404416
-9551872
-9043968
-9601024
-9207808
-9437184
-10240000
-10027008
-9388032
-9502720
-9240576
-10256384
-9469952
-9994240
-9469952
-9306112
-9404416
-9601024
-10141696
-9093120
-9666560
-9846784
-9568256
-9633792
-9633792
-9879552
-9682944
-9846784
-8912896
-9273344
-9732096
-9551872
-9977856
-10272768
-10092544
-10190848
-9781248
-10027008
-10076160
-9814016
-9601024
-9912320
-9355264
-9273344
-9650176
-9764864
-9469952
-9469952
-10043392
-9617408
-9109504
-9502720
-9879552
-9650176
-9994240
-9584640
-9224192
-9584640
-9568256
-9207808
-9437184
-8978432
-9601024
-9027584
-9420800
-9535488
-9879552
-9420800
-9617408
-9846784
-10059776
-9977856
-10059776
-9584640
-9863168
-9486336
-9715712
-9879552
-10092544
-9699328
-9977856
-9453568
-9846784
-10469376
-9846784
-8880128
-9781248
-9715712
-9519104
-9355264
-9289728
-9535488
-9125888
-10141696
-9420800
-9617408
-9535488
-9486336
-9617408
-9011200
-9469952
-10256384
-9404416
-9338880
-9158656
-9437184
-9584640
-9863168
-9601024
-9322496
-9240576
-9912320
-9420800
-9945088
-9666560
-9224192
-9879552
-9846784
-8880128
-9895936
-9125888
-9617408
-9551872
-9093120
-9469952
-9584640
-8765440
-9666560
-9682944
-9142272
-9584640
-9601024
-9289728
-9764864
-9420800
-9961472
-8945664
-9240576
-9699328
-9519104
-9977856
-9699328
-9551872
-10092544
-9895936
-9814016
-9437184
-9420800
-9617408
-9781248
-9650176
-9519104
-9371648
-9601024
-10207232
-9764864
-9814016
-9699328
-9519104
-9617408
-9601024
-9306112
-9912320
-9601024
-9043968
-9289728
-9502720
-9633792
-9797632
-10108928
-9715712
-9273344
-9912320
-9994240
-9748480
-9093120
-9666560
-9682944
-9322496
-10010624
-9994240
-9912320
-9912320
-9682944
-9617408
-9650176
-9142272
-9388032
-9519104
-9273344
-9699328
-9781248
-9945088
-9912320
-9420800
-9175040
-9453568
-9994240
-9355264
-9633792
-9699328
-9879552
-9273344
-9666560
-9715712
-9175040
-9453568
-10076160
-9781248
-9928704
-9748480
-10043392
-10108928
-9928704
-9781248
-9814016
-9240576
-9814016
-10092544
-9830400
-9371648
-9846784
-9715712
-9371648
-9961472
-9928704
-9109504
-9945088
-9699328
-9928704
-9928704
-9535488
-9551872
-9666560
-9699328
-10010624
-9666560
-9502720
-9551872
-8732672
-9715712
-9388032
-9994240
-9781248
-10174464
-9273344
-9551872
-9945088
-9781248
-9748480
-9437184
-9404416
-9338880
-9797632
-9420800
-9240576
-9830400
-9879552
-9519104
-9093120
-9404416
-9650176
-9043968
-9830400
-10616832
-9781248
-9125888
-9469952
-9355264
-9912320
-9142272
-9830400
-9371648
-9093120
-9388032
-9469952
-9617408
-9666560
-9732096
-9781248
-9732096
-9568256
-9125888
-9502720
-9617408
-9601024
-9191424
-9715712
-9797632
-9371648
-9584640
-9961472
-9601024
-9846784
-10289152
-9551872
-9617408
-9535488
-10125312
-9617408
-9420800
-9650176
-10158080
-9076736
-9715712
-9945088
-9109504
-9814016
-9961472
-9142272
-9388032
-9191424
-8830976
-9453568
-9748480
-9453568
-9912320
-10125312
-9420800
-10108928
-9666560
-9584640
-9240576
-8978432
-10305536
-9715712
-10092544
-9781248
-9928704
-9338880
-9895936
-9666560
-9846784
-9732096
-9814016
-8880128
-9486336
-9895936
-9633792
-8945664
-9207808
-9453568
-9486336
-8847360
-9355264
-9076736
-9011200
-9551872
-9289728
-9748480
-10289152
-9928704
-9388032
-9830400
-10387456
-9814016
-9322496
-9633792
-9568256
-9682944
-9404416
-9699328
-9584640
-9469952
-10174464
-9486336
-9879552
-10190848
-9617408
-9814016
-9355264
-9322496
-9879552
-10649600
-10141696
-9781248
-8994816
-10420224
-9928704
-9682944
-9682944
-9732096
-9207808
-9551872
-9469952
-9338880
-9273344
-9715712
-9355264
-9781248
-9732096
-9125888
-9486336
-9338880
-9125888
-9273344
-9125888
-9699328
-9355264
-9338880
-10207232
-9781248
-9469952
-9437184
-10125312
-9388032
-9355264
-9830400
-9879552
-10272768
-10059776
-10190848
-9568256
-9961472
-9601024
-9797632
-9453568
-10207232
-9486336
-9748480
-9830400
-9338880
-9240576
-9240576
-9568256
-9699328
-9650176
-9764864
-9912320
-9584640
-9814016
-9715712
-9404416
-9388032
-10485760
-9535488
-9633792
-9797632
-10452992
-9945088
-9994240
-9945088
-10420224
-9207808
-9650176
-9388032
-9633792
-9289728
-9633792
-9256960
-9289728
-9306112
-10010624
-9781248
-9519104
-9551872
-9601024
-9469952
-9453568
-10141696
-10108928
-9568256
-9814016
-9551872
-8863744
-9289728
-9519104
-9486336
-9486336
-9011200
-8962048
-9273344
-9764864
-9535488
-9781248
-9486336
-9322496
-9224192
-8814592
-9224192
-9469952
-9551872
-8863744
-9748480
-9633792
-9256960
-9895936
-9519104
-9863168
-9617408
-9535488
-9306112
-9502720
-9158656
-9388032
-9502720
-9420800
-9519104
-9551872
-9945088
-9748480
-9846784
-9224192
-8896512
-9469952
-8962048
-8945664
-9584640
-9797632
-9125888
-9322496
-9404416
-9551872
-9945088
-9650176
-9961472
-10059776
-10108928
-9912320
-10272768
-10420224
-9814016
-10027008
-9895936
-9158656
-9863168
-9846784
-9945088
-9994240
-9519104
-8814592
-9764864
-9469952
-9322496
-10141696
-8650752
-9224192
-9469952
-9043968
-9650176
-9781248
-10010624
-9650176
-8945664
-8994816
-9633792
-9846784
-9338880
-9404416
-8863744
-10076160
-9519104
-8945664
-9814016
-9289728
-9011200
-9830400
-9420800
-9617408
-9797632
-10076160
-9797632
-9748480
-9207808
-9388032
-9633792
-9584640
-10076160
-9388032
-9519104
-9469952
-9666560
-8962048
-9584640
-9732096
-9699328
-9453568
-10272768
-9781248
-9715712
-9109504
-9699328
-9994240
-9715712
-9879552
-9797632
-9650176
-9601024
-10289152
-9404416
-8716288
-9273344
-8945664
-9224192
-9617408
-9519104
-9928704
-9469952
-10387456
-9994240
-10240000
-10272768
-9912320
-9535488
-9109504
-9682944
-9928704
-9945088
-9453568
-9748480
-10092544
-9469952
-10321920
-9748480
-9535488
-9043968
-9863168
-9732096
-9699328
-9781248
-9748480
-10190848
-9797632
-10289152
-9895936
-9666560
-9797632
-9093120
-8814592
-9043968
-9076736
-9568256
-9043968
-9207808
-9568256
-10043392
-9437184
-9830400
-9207808
-9322496
-9191424
-9945088
-9273344
-8945664
-9371648
-8863744
-8962048
-9617408
-9420800
-9486336
-9420800
-9371648
-9125888
-9781248
-9912320
-9502720
-9322496
-10141696
-9568256
-9453568
-9420800
-9633792
-9453568
-9338880
-9388032
-8912896
-10076160
-9191424
-8994816
-9256960
-9502720
-8765440
-8699904
-9355264
-9175040
-9109504
-9568256
-9142272
-9617408
-9207808
-9748480
-9371648
-9420800
-9650176
-10223616
-9666560
-9715712
-10321920
-10076160
-9437184
-9027584
-9715712
-9469952
-9519104
-9928704
-9732096
-9650176
-9699328
-10223616
-9633792
-10059776
-9568256
-9846784
-9633792
-9601024
-9404416
-9682944
-10076160
-9814016
-9601024
-9355264
-9846784
-10420224
-9404416
-9650176
-9420800
-8863744
-9240576
-9748480
-10092544
-9256960
-9633792
-9486336
-9601024
-10141696
-9420800
-8978432
-9584640
-9633792
-9011200
-9699328
-9584640
-9994240
-9388032
-9273344
-9748480
-9617408
-9977856
-9568256
-8994816
-9191424
-9928704
-9584640
-9945088
-9486336
-9666560
-9322496
-9076736
-9043968
-9404416
-9125888
-9142272
-9781248
-9748480
-9027584
-9732096
-9224192
-8732672
-9420800
-9830400
-9732096
-9928704
-9535488
-8978432
-9781248
-9142272
-9535488
-9568256
-9453568
-9256960
-9764864
-9748480
-9535488
-9404416
-9994240
-9879552
-9191424
-9240576
-9486336
-9551872
-9306112
-9797632
-9797632
-9371648
-9437184
-9781248
-9306112
-9666560
-9519104
-9764864
-9502720
-9601024
-9797632
-9633792
-9830400
-9732096
-9256960
-9109504
-10010624
-9781248
-9158656
-9764864
-10272768
-9912320
-9502720
-9011200
-9109504
-9060352
-9207808
-9666560
-9289728
-9076736
-9469952
-9289728
-9633792
-9814016
-9240576
-9486336
-9551872
-9191424
-9584640
-10108928
-9830400
-10240000
-9830400
-9764864
-9830400
-10010624
-9682944
-9617408
-9912320
-10452992
-9879552
-10010624
-9797632
-9469952
-9093120
-8896512
-9011200
-9256960
-8372224
-9125888
-8536064
-8634368
-9256960
-9502720
-9650176
-9322496
-10190848
-9633792
-8880128
-9420800
-9895936
-9519104
-9994240
-9715712
-9732096
-9502720
-9584640
-9650176
-9912320
-9945088
-9945088
-9764864
-9502720
-9420800
-9437184
-9306112
-9977856
-9617408
-9551872
-9748480
-10141696
-9699328
-9388032
-9158656
-9191424
-8749056
-10076160
-9814016
-9846784
-9584640
-9650176
-9584640
-9109504
-9469952
-9437184
-10289152
-9781248
-9666560
-9535488
-9682944
-9846784
-9207808
-10059776
-10010624
-9650176
-9830400
-9240576
-9093120
-9076736
-9830400
-8847360
-9355264
-9502720
-9060352
-9306112
-8830976
-9551872
-9601024
-9125888
-9207808
-9011200
-9289728
-9224192
-9043968
-9043968
-9355264
-9666560
-9601024
-9469952
-9453568
-9732096
-9535488
-8699904
-9633792
-9601024
-9519104
-9486336
-9846784
-9502720
-9879552
-9699328
-10108928
-9797632
-9650176
-9338880
-9551872
-9732096
-9486336
-9322496
-9338880
-10485760
-7340032
7159808
-20791296
1392640
-688128
-14745600
-9879552
-10928128
-4718592
-7667712
-6602752
-9895936
-10207232
-6832128
-10108928
-10993664
-9715712
-9879552
-11567104
-10436608
-8945664
-10059776
-9715712
-9158656
-9338880
-10469376
-9076736
-9977856
-9830400
-9043968
-9355264
-9240576
-8994816
-9404416
-9338880
-10715136
-13860864
-5767168
-3670016
-6782976
-8470528
-11386880
-10567680
-7241728
-9895936
-8142848
-9306112
-8650752
-9027584
-9256960
-9093120
-9011200
-9568256
-8683520
-9584640
-9502720
-8781824
-9289728
-9420800
-9076736
-9502720
-9158656
-9732096
-9617408
-8798208
-10141696
-9388032
-8650752
-9486336
-9519104
-9437184
-9633792
-10092544
-9601024
-9781248
-9551872
-9830400
-9306112
-9748480
-10518528
-9502720
-9338880
-10059776
-9781248
-9797632
-10174464
-9109504
-9650176
-9699328
-8781824
-8781824
-9289728
-8241152
-8781824
-8617984
-9437184
-9732096
-9093120
-9879552
-9142272
-9224192
-10240000
-10174464
-9109504
-9093120
-10027008
-10485760
-9961472
-10076160
-10354688
-10240000
-10387456
-9240576
-9912320
-9650176
-8683520
-9388032
-9404416
-9863168
-9551872
-9650176
-9748480
-9043968
-9355264
-9437184
-9420800
-8716288
-9355264
-9814016
-9338880
-8945664
-9207808
-9043968
-9306112
-9158656
-9027584
-9895936
-8699904
-9437184
-9584640
-8896512
-9371648
-10485760
-9093120
-9240576
-10027008
-8765440
-9912320
-9928704
-8486912
-9011200
-9093120
-9388032
-8863744
-9961472
-8945664
-9191424
-8945664
-9551872
-9584640
-9420800
-8945664
-9322496
-9879552
-8765440
-9584640
-9601024
-9273344
-9895936
-9617408
-9289728
-9814016
-9666560
-9863168
-10190848
-9633792
-8814592
-9617408
-9895936
-9601024
-9207808
-9240576
-9404416
-10043392
-8912896
-10518528
-9650176
-9273344
-9633792
-9027584
-8552448
-9797632
-10223616
-9682944
-9830400
-9420800
-9289728
-9519104
-9289728
-9535488
-9682944
-9617408
-10256384
-9961472
-10289152
-10452992
-10092544
-9306112
-9797632
-10059776
-10043392
-9748480
-10797056
-9895936
-10354688
-10321920
-9928704
-9601024
-9928704
-8847360
-9814016
-9584640
-9519104
-9453568
-9682944
-9256960
-8749056
-8945664
-8699904
-10207232
-9207808
-9486336
-10256384
-9125888
-9273344
-10256384
-9404416
-10911744
-11239424
-9879552
-9551872
-9306112
-8814592
-10158080
-10977280
-9486336
-10125312
-9650176
-34357248
-201900032
19316736
12746752
241631232
-23085056
136413184
177995776
-216629248
-47202304
277381120
108822528
-43089920
146079744
-148996096
-7258112
-105906176
62881792
-109608960
-5029888
-26886144
-49709056
6995968
27295744
-55525376
56492032
-34078720
-38584320
10485760
-37666816
26198016
6176768
-24559616
31358976
-23412736
-8404992
3080192
-40878080
9453568
2342912
-9830400
13565952
-24412160
-17268736
-7012352
-25788416
-5111808
-13025280
-16400384
-6897664
-17678336
-15679488
-15810560
-18006016
-9306112
-10649600
-5210112
-9633792
-15368192
-11190272
-15941632
-9666560
-3489792
-7553024
-327680
-3964928
-8044544
-6209536
-14925824
-12517376
-3866624
-4063232
-491520
-2572288
-10715136
-10911744
-17825792
-16039936
-13467648
-14729216
-12058624
-11730944
-13434880
-14123008
-14565376
-13533184
-10862592
-9306112
-8552448
-6963200
-5816320
-6340608
1081344
-1982464
-7438336
-7176192
-5865472
-4521984
-5357568
-5390336
-10862592
-12320768
-14123008
-17301504
-15204352
-15302656
-15990784
-14385152
-14123008
-13221888
-13041664
-13385728
-9633792
-7553024
-7569408
-5455872
-5193728
-2785280
-3112960
-4653056
-6930432
-6701056
-5111808
-7733248
-8110080
-10878976
-14188544
-12992512
-13877248
-14352384
-13139968
-11436032
-12369920
-11681792
-13090816
-12386304
-11517952
-9994240
-7782400
-7798784
-7454720
-6799360
-7815168
-6930432
-7880704
-7241728
-6668288
-7094272
-7553024
-7913472
-9355264
-9273344
-9060352
-9601024
-10174464
-9994240
-10731520
-10682368
-11010048
-11763712
-11075584
-11583488
-11862016
-11714560
-10895360
-11255808
-9977856
-9420800
-9125888
-9207808
-8847360
-9076736
-7700480
-7356416
-6782976
-6242304
-6324224
-7225344
-7946240
-7438336
-9027584
-8519680
-9486336
-10551296
-10780672
-12206080
-12582912
-12959744
-13139968
-12271616
-12894208
-11845632
-10747904
-10895360
-10240000
-9797632
-8404992
-8404992
-6717440
-6275072
-6815744
-6766592
-6209536
-6422528
-6586368
-8372224
-9060352
-9601024
-11173888
-11354112
-13434880
-13598720
-12419072
-13631488
-13008896
-12550144
-37224448
-69877760
4653056
9486336
69877760
63504384
-47939584
-24936448
-32915456
-12877824
11567104
3244032
-14532608
-28164096
-7946240
-4554752
-23724032
-6488064
-18399232
-7094272
-17121280
-30457856
-17252352
-15712256
-14630912
-49152
-10059776
-4046848
-7716864
-8929280
-7471104
-6537216
-9715712
-8060928
-2949120
-4931584
-7962624
-7995392
-8437760
-8929280
-5488640
-5062656
-7782400
-9437184
-13729792
-14057472
-10092544
-10862592
-8667136
-9191424
-10502144
-11108352
-10125312
-13107200
-12075008
-11665408
-10878976
-9175040
-10371072
-11059200
-10190848
-10141696
-5963776
-3981312
-5668864
-3997696
-8077312
-9224192
-7192576
-6209536
-5652480
-4636672
-6488064
-8503296
-11091968
-12845056
-13959168
-13402112
-12926976
-13467648
-13385728
-12517376
-13516800
-12435456
-11354112
-10698752
-8388608
-8650752
-8077312
-6733824
-4128768
-4456448
-6225920
-8044544
-5242880
-4603904
-5210112
-5750784
-10682368
-11550720
-12484608
-13729792
-12615680
-13254656
-13729792
-14188544
-14073856
-13942784
-13303808
-11845632
-9338880
-10092544
-8699904
-7880704
-7405568
-6209536
-4554752
-6815744
-5406720
-6160384
-6504448
-7553024
-8847360
-9240576
-9863168
-10649600
-11714560
-11943936
-12648448
-10305536
-11452416
-12304384
-11059200
-11321344
-11124736
-10174464
-9535488
-8601600
-8175616
-9437184
-9256960
-7897088
-8028160
-7815168
-8798208
-8323072
-8994816
-7487488
-8142848
-7782400
-8339456
-8781824
-8896512
-9764864
-10616832
-10256384
-9633792
-10502144
-9814016
-10993664
-11173888
-11026432
-10485760
-10469376
-9994240
-10993664
-10305536
-9814016
-9945088
-8634368
-8568832
-7471104
-7208960
-8077312
-7520256
-8650752
-7520256
-8093696
-8601600
-8372224
-9961472
-10485760
-10584064
-11468800
-11976704
-11894784
-11993088
-11894784
-12189696
-10665984
-9764864
-10764288
-9699328
-10682368
-9601024
-9601024
-8421376
-7045120
-5980160
-6815744
-6209536
-7979008
-8044544
-9175040
-9306112
-8273920
-10256384
-9814016
-11091968
-12107776
-10797056
-11419648
-11436032
-11649024
-11501568
-10944512
-10584064
-9289728
-9617408
-9289728
-7307264
-9404416
-8585216
-8716288
-8945664
-7782400
-7667712
-7995392
-8863744
-9469952
-9715712
-9945088
-10469376
-10141696
-9863168
-9748480
-10698752
-10305536
-10960896
-10878976
-10600448
-10649600
-9977856
-9617408
-9240576
-9256960
-8388608
-9273344
-9355264
-9043968
-9240576
-9289728
-7995392
-9338880
-10240000
-8798208
-8732672
-9388032
-9617408
-10436608
-10534912
-8945664
-9273344
-10272768
-10502144
-10616832
-9256960
-9175040
-9060352
-10878976
-11550720
-9781248
-10993664
-9273344
-9748480
-9027584
-9551872
-7045120
-7979008
-9158656
-8273920
-8093696
-8273920
-8142848
-7651328
-11354112
-11468800
-8945664
-9175040
-11452416
-12075008
-11304960
-10747904
-11681792
-12320768
-11796480
-10534912
-10076160
-10223616
-9699328
-9191424
-9551872
-8617984
-8208384
-8110080
-8372224
-8339456
-7831552
-8028160
-8224768
-8404992
-9469952
-11141120
-9207808
-10567680
-11763712
-11255808
-10240000
-11517952
-10403840
-9830400
-11026432
-11075584
-8863744
-8503296
-9617408
-7700480
-6946816
-9060352
-8732672
-8142848
-9699328
-10567680
-9846784
-9797632
-9240576
-7307264
-9781248
-8699904
-9912320
-11272192
-9191424
-11288576
-10780672
-9666560
-11321344
-9535488
-8044544
-9797632
-8863744
-8372224
-10797056
-10469376
-9633792
-10567680
-9338880
-8044544
-9191424
-8257536
-8847360
-8847360
-8798208
-8994816
-10059776
-8667136
-10420224
-10059776
-8945664
-10027008
-10125312
-9748480
-10321920
-9830400
-10452992
-11124736
-10403840
-10797056
-10452992
-9895936
-9846784
-10223616
-9011200
-9682944
-9371648
-8929280
-9748480
-8323072
-8847360
-8945664
-8716288
-9011200
-9224192
-9732096
-9306112
-10649600
-9699328
-9437184
-10321920
-9994240
-10469376
-11091968
-9912320
-10092544
-9519104
-9093120
-9764864
-8732672
-8830976
-9682944
-8077312
-8814592
-9256960
-9732096
-9240576
-10092544
-9633792
-9404416
-10240000
-10174464
-9928704
-9814016
-10665984
-11370496
-10534912
-10452992
-10633216
-10010624
-10043392
-9961472
-9699328
-9453568
-9814016
-9355264
-9666560
-9682944
-9142272
-9404416
-9977856
-9715712
-9601024
-9125888
-9830400
-9338880
-9371648
-10174464
-9437184
-9011200
-9289728
-10321920
-9928704
-9240576
-10076160
-10158080
-11370496
-8552448
-10878976
-7290880
-9027584
-10584064
-9961472
-9273344
-9142272
-8388608
-9453568
-8814592
-9371648
-9699328
-9584640
-9994240
-10256384
-9109504
-9453568
-9240576
-10043392
-9306112
-9895936
-9666560
-9650176
-10502144
-10027008
-9764864
-10928128
-9207808
-9551872
-9814016
-9207808
-10190848
-9764864
-10174464
-9420800
-10518528
-9601024
-11354112
-11108352
-10010624
-11567104
-9650176
-10911744
-12402688
-11747328
-12894208
-11010048
-12910592
-10387456
-12353536
-11223040
-10584064
-9109504
-13107200
-10878976
-9945088
-8994816
-10371072
-9486336
-9535488
-9273344
-8830976
-8617984
-8060928
-8142848
-9093120
-8388608
-8617984
-8699904
-7438336
-8863744
-7929856
-7290880
-9191424
-6586368
-7782400
-8617984
-6799360
-9601024
-9388032
-7389184
-8339456
-7127040
-6766592
-7798784
-8454144
-8306688
-9912320
-9224192
-8568832
-8896512
-8814592
-8798208
-9437184
-8634368
-10256384
-10240000
-11157504
-11943936
-12746752
-10551296
-10010624
-10371072
-9764864
-10240000
-9535488
-10141696
-10452992
-10518528
-9846784
-9289728
-9961472
-9109504
-9306112
-9486336
-8421376
-8781824
-9584640
-8732672
-8896512
-9306112
-9093120
-8536064
-8978432
-8454144
-7880704
-10534912
-11255808
-9519104
-9093120
-9224192
-9388032
-8912896
-8437760
-10289152
-9273344
-9535488
-10371072
-9289728
-9175040
-10289152
-9388032
-10469376
-10321920
-8912896
-10059776
-10190848
-10289152
-9306112
-9551872
-8945664
-9568256
-10043392
-10076160
-11108352
-9551872
-9404416
-9633792
-9797632
-8388608
-8830976
-8896512
-8568832
-9797632
-9601024
-10076160
-9863168
-9289728
-9338880
-8699904
-9125888
-9781248
-10223616
-10862592
-10141696
-10420224
-10649600
-9617408
-10436608
-9863168
-10174464
-10141696
-10174464
-10551296
-11452416
-10944512
-9961472
-9715712
-9175040
-9322496
-10797056
-10272768
-11091968
-10846208
-10190848
-10420224
-10371072
-9912320
-10027008
-9289728
-9699328
-9043968
-9437184
-9437184
-9256960
-8404992
-8749056
-8241152
-7749632
-7815168
-7569408
-8159232
-7503872
-7864320
-7864320
-8093696
-7815168
-7471104
-8536064
-9420800
-8912896
-9273344
-8912896
-9633792
-9977856
-9355264
-9601024
-10027008
-10731520
-10125312
-10567680
-10780672
-11894784
-11829248
-12156928
-9830400
-10436608
-10420224
-10108928
-9666560
-9748480
-9830400
-9420800
-10272768
-10076160
-9961472
-9027584
-9240576
-9715712
-8470528
-8093696
-7897088
-9060352
-9715712
-8863744
-9601024
-9764864
-9797632
-9633792
-8896512
-8175616
-7225344
-5849088
-6193152
-7700480
-6766592
-6864896
-8847360
-8667136
-8994816
-7585792
-8634368
-9420800
-10764288
-10338304
-11370496
-10846208
-10354688
-9977856
-10960896
-10780672
-10076160
-9977856
-9830400
-10141696
-9338880
-9797632
-10354688
-9240576
-8388608
-9388032
-8667136
-9289728
-9338880
-9289728
-9338880
-9256960
-8519680
-9011200
-9535488
-8716288
-8847360
-9748480
-9207808
-11059200
-10403840
-11567104
-11239424
-9781248
-10321920
-10010624
-10551296
-11010048
-11550720
-10354688
-8880128
-10059776
-8601600
-8486912
-8880128
-8650752
-8044544
-7995392
-8650752
-8536064
-9027584
-7880704
-8503296
-8896512
-8945664
-8765440
-9158656
-9207808
-9453568
-9158656
-10076160
-10190848
-9650176
-9437184
-10027008
-10272768
-8454144
-9797632
-10108928
-8765440
-9453568
-8224768
-8732672
-8896512
-7618560
-8519680
-9371648
-9306112
-8912896
-9109504
-9256960
-8552448
-9732096
-8814592
-9912320
-10584064
-9306112
-9977856
-10092544
-9879552
-10911744
-9732096
-10878976
-11288576
-9093120
-10108928
-11042816
-9388032
-11419648
-9732096
-10551296
-10764288
-9535488
-9666560
-10633216
-10108928
-10993664
-10600448
-9715712
-8896512
-9371648
-9420800
-8749056
-8962048
-10665984
-9781248
-8929280
-9666560
-10289152
-9322496
-9043968
-8765440
-8437760
-9060352
-9748480
-9764864
-9420800
-9240576
-9388032
-8896512
-8601600
-9814016
-9748480
-10289152
-9469952
-10829824
-8962048
-8273920
-8765440
-9601024
-8994816
-9748480
-8863744
-10289152
-9863168
-9256960
-9699328
-9011200
-9453568
-9551872
-9748480
-11485184
-9650176
-9306112
-10682368
-8896512
-8585216
-9863168
-9748480
-9912320
-9322496
-9437184
-9469952
-9830400
-8896512
-9797632
-9338880
-8929280
-10371072
-9437184
-10289152
-10338304
-9781248
-9551872
-9486336
-8781824
-8863744
-8880128
-10092544
-10797056
-10256384
-9453568
-9306112
-8585216
-9961472
-8060928
-9224192
-9371648
-9437184
-11304960
-9928704
-9633792
-10387456
-9502720
-8994816
-9453568
-9535488
-10616832
-9912320
-9584640
-10338304
-9453568
-9043968
-9289728
-10518528
-8257536
-9355264
-9781248
-9404416
-10338304
-9355264
-8896512
-10076160
-9453568
-10043392
-10289152