-115179520
-115064832
-114769920
-113852416
-113999872
-114556928
-114245632
-113917952
-114622464
-114950144
-113721344
-114098176
-114458624
-114540544
-114458624
-114769920
-115654656
-113246208
-114491392
-114868224
-114311168
-114491392
-113852416
-114196480
-113868800
-114556928
-113459200
-114327552
-114245632
-115097600
-113573888
-115556352
-112738304
-114475008
-115179520
-114802688
-113131520
-113278976
-114851840
-114802688
-113606656
-114917376
-114655232
-114245632
-115277824
-114065408
-115048448
-115458048
-114606080
-115179520
-115277824
-113999872
-114704384
-114393088
-114163712
-115687424
-115638272
-115048448
-113950720
-116080640
-114655232
-113098752
-115507200
-114982912
-113803264
-112590848
-114540544
-115867648
-115621888
-114393088
-114065408
-115572736
-114360320
-114819072
-113885184
-114278400
-113115136
-114917376
-114163712
-114130944
-114278400
-114769920
-114442240
-114081792
-114442240
-114442240
-115228672
-114327552
-115425280
-114540544
-116146176
-114688000
-114081792
-113836032
-116195328
-114753536
-114884608
-113655808
-115818496
-115539968
-113754112
-113852416
-116228096
-114982912
-114835456
-114081792
-115523584
-116424704
-115228672
-115179520
-116195328
-115720192
-115343360
-115720192
-115654656
-115294208
-116654080
-115589120
-114262016
-113311744
-115851264
-114720768
-113819648
-114343936
-115638272
-114229248
-114229248
-113655808
-113803264
-114245632
-115507200
-114917376
-114671616
-115408896
-114589696
-114032640
-115539968
-116064256
-115245056
-114917376
-115343360
-115818496
-114114560
-114638848
-114917376
-115900416
-114032640
-113917952
-114376704
-115703808
-113262592
-114393088
-114851840
-115425280
-114049024
-114294784
-114327552
-115572736
-113721344
-114393088
-114556928
-115015680
-113426432
-114393088
-115179520
-114049024
-114819072
-114556928
-114688000
-114376704
-114278400
-114360320
-114819072
-114262016
-114081792
-113098752
-114556928
-114130944
-114868224
-114720768
-114655232
-113082368
-114704384
-114573312
-114376704
-114573312
-115097600
-114262016
-113360896
-113541120
-114524160
-114737152
-113360896
-114704384
-113770496
-114720768
-114491392
-113475584
-114049024
-114343936
-114556928
-113999872
-113885184
-113606656
-113836032
-114016256
-114540544
-113852416
-113541120
-113557504
-114180096
-113885184
-114081792
-114065408
-113803264
-113606656
-113852416
-113475584
-113557504
-114786304
-114294784
-113295360
-113917952
-114933760
-114868224
-115752960
-114458624
-114311168
-113999872
-115359744
-114688000
-114507776
-114786304
-114982912
-114737152
-114556928
-114442240
-112984064
-115032064
-115163136
-114737152
-114032640
-115752960
-115015680
-115228672
-114671616
-113819648
-114294784
-114933760
-114294784
-113999872
-114180096
-113475584
-114458624
-115687424
-114982912
-113721344
-113082368
-115359744
-114786304
-115113984
-114524160
-114999296
-114196480
-113983488
-113950720
-114786304
-113475584
-114475008
-113786880
-114524160
-114884608
-113475584
-113360896
-115081216
-114622464
-115343360
-114638848
-115752960
-115523584
-115392512
-115326976
-115015680
-114835456
-116064256
-115032064
-115343360
-115720192
-115884032
-115179520
-113131520
-115081216
-114442240
-115605504
-114196480
-114802688
-115261440
-114655232
-115851264
-114999296
-115408896
-116129792
-116850688
-114507776
-115834880
-115539968
-115032064
-115179520
-115064832
-115507200
-115425280
-116195328
-114294784
-114704384
-114720768
-114540544
-115818496
-114196480
-114884608
-114688000
-116244480
-114606080
-116604928
-115195904
-115458048
-114704384
-116129792
-115523584
-114704384
-115605504
-115621888
-116129792
-115671040
-115703808
-115490816
-115949568
-114475008
-116064256
-116129792
-115785728
-115458048
-114884608
-116031488
-115884032
-116342784
-116359168
-115130368
-115048448
-114753536
-116211712
-115163136
-115163136
-114884608
-115212288
-115081216
-115277824
-115703808
-116178944
-115769344
-115474432
-116047872
-115408896
-115539968
-115752960
-115359744
-115785728
-114507776
-115097600
-115113984
-115884032
-115490816
-115572736
-114065408
-115703808
-115752960
-114835456
-114425856
-115785728
-115277824
-114098176
-115818496
-115343360
-114884608
-114081792
-115589120
-115671040
-115032064
-113999872
-113000448
-116703232
-116047872
-113999872
-115343360
-113803264
-114802688
-116162560
-115703808
-114130944
-114819072
-114393088
-116473856
-115081216
-116850688
-115916800
-113803264
-115032064
-115916800
-115326976
-116162560
-116293632
-114262016
-115998720
-114900992
-115376128
-113836032
-115245056
-115834880
-115621888
-115064832
-114851840
-116424704
-116195328
-114999296
-114180096
-115277824
-116850688
-115228672
-113868800
-114032640
-115671040
-114655232
-114540544
-115064832
-114982912
-113999872
-114704384
-116326400
-115949568
-114638848
-114950144
-114376704
-114786304
-116146176
-115081216
-113655808
-115212288
-117145600
-116686848
-114606080
-115097600
-115163136
-115359744
-116031488
-114917376
-114491392
-116080640
-116506624
-115703808
-115277824
-115212288
-116654080
-116310016
-114163712
-113885184
-115015680
-116162560
-115802112
-114262016
-113885184
-114786304
-116080640
-115884032
-114294784
-115277824
-115294208
-114835456
-115195904
-114343936
-115474432
-115589120
-114622464
-114147328
-115671040
-115195904
-114622464
-115425280
-116260864
-114442240
-114819072
-114360320
-114311168
-115310592
-114491392
-113885184
-116129792
-115539968
-114278400
-114638848
-114163712
-114163712
-115392512
-114786304
-114606080
-114737152
-115261440
-114933760
-114950144
-114999296
-114966528
-113836032
-113967104
-113950720
-114360320
-115752960
-114704384
-114360320
-114180096
-114475008
-114409472
-115474432
-115179520
-114081792
-114442240
-114376704
-114442240
-114933760
-114327552
-114278400
-114245632
-114180096
-114819072
-115179520
-114622464
-114917376
-115326976
-114737152
-115539968
-114769920
-115146752
-114229248
-114294784
-114982912
-115376128
-114016256
-115212288
-114245632
-114311168
-113803264
-113721344
-114851840
-114573312
-114491392
-114868224
-113754112
-113819648
-114507776
-113672192
-113786880
-114229248
-114311168
-113639424
-113999872
-113803264
-114966528
-114098176
-113950720
-113033216
-113098752
-114130944
-113410048
-113737728
-113131520
-113328128
-113819648
-114573312
-113770496
-113754112
-112951296
-114704384
-113147904
-112328704
-113246208
-113655808
-113049600
-113786880
-113868800
-113754112
-114475008
-113082368
-112525312
-114589696
-113000448
-114229248
-113016832
-113704960
-114196480
-114704384
-114950144
-113508352
-113278976
-112721920
-113049600
-113049600
-113868800
-112590848
-112377856
-114245632
-111968256
-113934336
-112984064
-113344512
-113983488
-114458624
-112820224
-114180096
-114622464
-114573312
-113180672
-114016256
-114409472
-113328128
-113229824
-113721344
-114163712
-114999296
-113557504
-113557504
-113901568
-113246208
-113819648
-113934336
-114016256
-114884608
-114409472
-114065408
-113164288
-113983488
-114655232
-114884608
-114753536
-113803264
-113541120
-114737152
-114393088
-113934336
-113967104
-114884608
-115523584
-114343936
-113852416
-115556352
-115064832
-115064832
-114278400
-114753536
-114688000
-115212288
-114638848
-113655808
-113983488
-115638272
-115064832
-113311744
-114229248
-114540544
-114016256
-113000448
-112754688
-112377856
-113934336
-113229824
-113836032
-113950720
-114343936
-113885184
-114524160
-114196480
-114638848
-114212864
-114606080
-114507776
-114688000
-113377280
-113999872
-114933760
-113999872
-115343360
-113803264
-115163136
-113737728
-114884608
-113885184
-114409472
-114360320
-114491392
-114556928
-115015680
-114753536
-114360320
-114655232
-116162560
-113704960
-113885184
-114524160
-114933760
-114507776
-115277824
-114212864
-113983488
-115163136
-114966528
-115032064
-114819072
-113704960
-115294208
-114327552
-113967104
-114851840
-113950720
-115032064
-115097600
-114900992
-113917952
-114491392
-114098176
-113164288
-116211712
-115539968
-113983488
-113934336
-113557504
-112705536
-115294208
-115490816
-114917376
-114229248
-113197056
-115064832
-113950720
-113770496
-114655232
-114802688
-113754112
-113917952
-115802112
-114638848
-114884608
-115474432
-114884608
-114475008
-114573312
-112607232
-114507776
-113229824
-115228672
-113213440
-115294208
-114114560
-113197056
-114016256
-114360320
-113459200
-113623040
-112590848
-113442816
-114606080
-112836608
-112885760
-113508352
-113426432
-113639424
-113082368
-113770496
-113983488
-114475008
-115130368
-114606080
-114081792
-115179520
-114720768
-114180096
-114196480
-113524736
-112558080
-113442816
-113115136
-114835456
-114163712
-114573312
-114802688
-113983488
-114556928
-114917376
-114917376
-115752960
-115867648
-114819072
-114688000
-114933760
-114769920
-114933760
-115490816
-114933760
-113885184
-115015680
-115343360
-115703808
-114999296
-115408896
-114999296
-115277824
-115441664
-114589696
-115245056
-115867648
-115359744
-115261440
-115064832
-116015104
-115163136
-115671040
-114786304
-115720192
-116277248
-116146176
-115212288
-115802112
-116195328
-115785728
-114720768
-116064256
-115392512
-116080640
-116260864
-114900992
-115982336
-116703232
-116277248
-116375552
-117030912
-116523008
-116588544
-115261440
-115965952
-116867072
-115310592
-116375552
-115474432
-116162560
-116441088
-116785152
-114851840
-116326400
-115113984
-115245056
-115326976
-115834880
-115195904
-115654656
-115130368
-115277824
-115048448
-114900992
-114606080
-115015680
-115195904
-115376128
-115081216
-116146176
-115032064
-116162560
-115245056
-115572736
-115654656
-115163136
-115474432
-116097024
-116228096
-115720192
-115638272
-114507776
-115507200
-114147328
-114704384
-115441664
-114180096
-115179520
-115638272
-115589120
-115687424
-114999296
-115539968
-114900992
-115064832
-115113984
-114638848
-115834880
-115441664
-115638272
-115376128
-115769344
-115015680
-114720768
-114835456
-115113984
-116080640
-115671040
-115818496
-114655232
-114294784
-115687424
-114868224
-114999296
-116113408
-114851840
-115654656
-116129792
-115163136
-115834880
-115441664
-114950144
-114655232
-115359744
-115113984
-115228672
-114851840
-115326976
-115032064
-115032064
-114540544
-113999872
-114933760
-114278400
-113852416
-113541120
-114180096
-114229248
-114081792
-113737728
-114098176
-114442240
-112820224
-114081792
-114229248
-114573312
-116080640
-116834304
-114884608
-114638848
-114491392
-115425280
-115359744
-115834880
-115802112
-115769344
-115539968
-115376128
-115621888
-115851264
-115507200
-114819072
-115326976
-115245056
-115113984
-115539968
-115195904
-115212288
-115490816
-114442240
-114720768
-115556352
-115507200
-115343360
-116424704
-115179520
-114376704
-115769344
-113983488
-114491392
-114704384
-114851840
-115064832
-115195904
-115015680
-114638848
-115195904
-114753536
-115212288
-114868224
-113983488
-114376704
-115048448
-115867648
-114966528
-115916800
-114180096
-115064832
-114851840
-114720768
-113967104
-115195904
-115474432
-115638272
-114458624
-114835456
-116047872
-115556352
-115884032
-114737152
-114982912
-114819072
-115720192
-114294784
-116195328
-114802688
-115146752
-114720768
-114032640
-115965952
-114245632
-115998720
-115916800
-115933184
-116031488
-115195904
-114900992
-115032064
-115310592
-115310592
-115310592
-115179520
-114688000
-113950720
-114098176
-114917376
-116441088
-115294208
-113803264
-115212288
-115343360
-115818496
-115359744
-114884608
-114376704
-115998720
-114950144
-114442240
-114212864
-116097024
-115556352
-114933760
-113704960
-113590272
-114229248
-116490240
-114704384
-114622464
-114294784
-113917952
-115245056
-114868224
-115556352
-112820224
-114196480
-114982912
-116195328
-114737152
-114147328
-115245056
-114868224
-114819072
-115179520
-114016256
-115277824
-114360320
-114851840
-114753536
-114081792
-114278400
-116080640
-114098176
-114704384
-114573312
-115245056
-114442240
-115048448
-114835456
-115687424
-115949568
-114671616
-115638272
-115310592
-115163136
-113786880
-114671616
-115474432
-115228672
-114049024
-115212288
-115294208
-115523584
-113688576
-114098176
-115343360
-114917376
-114688000
-115261440
-115228672
-115589120
-115392512
-113229824
-114180096
-115277824
-114688000
-114573312
-114786304
-114819072
-115687424
-114950144
-114343936
-114212864
-114540544
-114245632
-115408896
-114343936
-114343936
-114475008
-114851840
-113934336
-113393664
-114475008
-114311168
-114229248
-114425856
-114376704
-113999872
-115032064
-114933760
-114442240
-113623040
-114556928
-114982912
-114835456
-114671616
-114065408
-114147328
-115032064
-114999296
-114655232
-115376128
-114737152
-115867648
-115343360
-115605504
-114360320
-115654656
-115081216
-114360320
-112951296
-113147904
-114704384
-115720192
-114688000
-113262592
-113475584
-115589120
-115195904
-114999296
-114229248
-114884608
-114868224
-115343360
-113737728
-114638848
-115507200
-115441664
-115195904
-114720768
-115130368
-114507776
-115752960
-115048448
-115785728
-115359744
-116572160
-114032640
-114655232
-114573312
-115179520
-114982912
-114950144
-115228672
-115916800
-113573888
-113524736
-116162560
-115884032
-116244480
-115310592
-115326976
-115785728
-115572736
-115818496
-115752960
-116490240
-115408896
-115949568
-115818496
-114540544
-114868224
-115081216
-115916800
-114065408
-115900416
-114655232
-114262016
-114196480
-114999296
-115671040
-114753536
-114311168
-114950144
-115359744
-115834880
-113442816
-113541120
-115425280
-116359168
-114393088
-114507776
-115408896
-117358592
-114458624
-116244480
-116998144
-116293632
-114900992
-116080640
-116260864
-115015680
-115212288
-114851840
-116719616
-115163136
-116490240
-113491968
-115458048
-116506624
-115064832
-116031488
-116113408
-116850688
-115605504
-116129792
-115769344
-115015680
-115294208
-117129216
-115441664
-115998720
-114851840
-116621312
-116424704
-114475008
-115818496
-115671040
-116359168
-116097024
-116342784
-115998720
-115228672
-116391936
-115490816
-116146176
-115458048
-115867648
-115834880
-116244480
-115326976
-116391936
-115261440
-116342784
-116244480
-115195904
-115720192
-116146176
-115687424
-115916800
-115130368
-115752960
-115474432
-114688000
-115736576
-115703808
-115376128
-116441088
-116359168
-114704384
-115408896
-115900416
-115032064
-115179520
-115523584
-116031488
-115720192
-114671616
-115851264
-116097024
-116211712
-115048448
-115277824
-115245056
-117129216
-114786304
-115736576
-115523584
-116310016
-115687424
-115556352
-115834880
-114868224
-115343360
-115277824
-114278400
-115752960
-115294208
-115441664
-115720192
-114835456
-115474432
-115818496
-115343360
-115785728
-114753536
-116228096
-116047872
-114950144
-115064832
-115195904
-115523584
-115539968
-115539968
-114655232
-115113984
-115228672
-114720768
-115048448
-115654656
-115818496
-115621888
-114982912
-115621888
-114442240
-114475008
-113803264
-115376128
-115834880
-114982912
-114835456
-115933184
-115130368
-115769344
-115654656
-116850688
-115490816
-115900416
-115474432
-113950720
-115228672
-115441664
-114114560
-114442240
-114589696
-115163136
-115720192
-115294208
-115425280
-115245056
-115392512
-116097024
-115982336
-115228672
-115048448
-115113984
-115097600
-115015680
-115146752
-113459200
-114065408
-113213440
-115195904
-115687424
-114114560
-114393088
-115523584
-117161984
-115277824
-114884608
-115703808
-117112832
-115802112
-116293632
-115326976
-116424704
-116326400
-116604928
-115015680
-115851264
-116719616
-115261440
-115408896
-115408896
-115507200
-116359168
-113672192
-116408320
-115703808
-116211712
-115785728
-114769920
-116752384
-116965376
-114753536
-114343936
-115752960
-115556352
-115097600
-114999296
-115163136
-115343360
-115490816
-114671616
-115277824
-115425280
-115212288
-115261440
-114425856
-115343360
-114999296
-114720768
-116064256
-115376128
-115900416
-116375552
-115818496
-114933760
-116031488
-116703232
-114540544
-114753536
-115392512
-115048448
-114229248
-115146752
-114737152
-114737152
-115294208
-114753536
-115179520
-115802112
-115032064
-115261440
-116637696
-115736576
-115146752
-115392512
-114655232
-115130368
-116326400
-115032064
-114753536
-114622464
-115556352
-114163712
-116097024
-115064832
-114556928
-114868224
-116293632
-115228672
-114524160
-115326976
-115474432
-115572736
-115359744
-115212288
-115425280
-114622464
-113999872
-115228672
-114982912
-115113984
-115277824
-114851840
-115130368
-115425280
-115621888
-114917376
-115310592
-115032064
-115752960
-114851840
-114606080
-115752960
-115326976
-114966528
-115638272
-115261440
-115785728
-115195904
-115638272
-116260864
-113885184
-113737728
-115130368
-116473856
-116523008
-115048448
-113557504
-114163712
-115195904
-115638272
-114180096
-114081792
-114442240
-113623040
-116604928
-114884608
-115228672
-115195904
-115982336
-115884032
-116310016
-114458624
-114868224
-115556352
-115703808
-116195328
-114917376
-115343360
-116064256
-116178944
-114507776
-114950144
-115523584
-115458048
-114950144
-114524160
-114606080
-114491392
-114589696
-114458624
-115802112
-113934336
-114556928
-114982912
-115064832
-114917376
-115523584
-115212288
-114425856
-115458048
-115277824
-116211712
-114884608
-115228672
-115769344
-114688000
-114868224
-114638848
-115965952
-115032064
-115638272
-115523584
-115752960
-115490816
-116015104
-115638272
-115228672
-115064832
-115900416
-115392512
-115572736
-115326976
-116228096
-114393088
-114802688
-115867648
-115146752
-114556928
-114622464
-114999296
-115507200
-115752960
-114966528
-116801536
-115310592
-116211712
-116031488
-116146176
-114917376
-115965952
-116277248
-115294208
-116015104
-115408896
-116473856
-114720768
-116637696
-115261440
-115458048
-115818496
-115376128
-116260864
-114802688
-116178944
-114081792
-115916800
-115474432
-114720768
-114950144
-115015680
-115982336
-115867648
-116178944
-115720192
-116146176
-115818496
-115441664
-116375552
-115720192
-115949568
-115671040
-115195904
-115851264
-115146752
-115720192
-115621888
-116097024
-114704384
-115392512
-115245056
-115359744
-115261440
-115195904
-115703808
-116195328
-115851264
-115572736
-115245056
-115769344
-115687424
-115310592
-115195904
-115572736
-114966528
-115671040
-115933184
-115785728
-115474432
-115474432
-115916800
-115408896
-115228672
-114688000
-116965376
-116031488
-116064256
-115294208
-115326976
-115621888
-114327552
-115294208
-115490816
-115720192
-115015680
-116228096
-114737152
-115163136
-114868224
-114704384
-113393664
-116277248
-115572736
-115556352
-114491392
-115097600
-114786304
-116408320
-116015104
-115326976
-114769920
-116097024
-115589120
-115752960
-116047872
-115621888
-115900416
-115523584
-114884608
-115605504
-116195328
-113934336
-114933760
-115687424
-115621888
-114294784
-113754112
-114147328
-115933184
-114655232
-113393664
-114114560
-114442240
-116375552
-114769920
-113836032
-113721344
-116621312
-115998720
-114753536
-113885184
-115884032
-115900416
-114704384
-113934336
-115523584
-115638272
-114507776
-114556928
-115523584
-115441664
-115474432
-114786304
-115458048
-115802112
-114540544
-114606080
-115015680
-116424704
-115146752
-114851840
-114262016
-115146752
-115277824
-115605504
-114786304
-115425280
-115425280
-115228672
-114049024
-114458624
-113999872
-113983488
-114376704
-115245056
-114229248
-114376704
-114573312
-114884608
-114327552
-114966528
-115359744
-114409472
-114376704
-114835456
-114573312
-114311168
-114900992
-114147328
-115064832
-114147328
-114343936
-114835456
-114638848
-114655232
-115474432
-114851840
-114802688
-114835456
-114900992
-115097600
-114819072
-114311168
-115474432
-115179520
-114098176
-115539968
-115163136
-114262016
-114999296
-115294208
-114819072
-115130368
-114884608
-114917376
-115687424
-114655232
-114442240
-114999296
-115490816
-115310592
-115048448
-115556352
-115507200
-115425280
-114475008
-114851840
-115228672
-115605504
-114917376
-115245056
-114720768
-115294208
-114655232
-115621888
-115654656
-115523584
-114802688
-115163136
-115097600
-115261440
-114982912
-115752960
-115130368
-114704384
-115687424
-114835456
-114966528
-114556928
-115359744
-114950144
-114704384
-114163712
-114802688
-115654656
-115572736
-113885184
-114999296
-115867648
-114573312
-114376704
-114606080
-114966528
-115081216
-114950144
-115277824
-115654656
-114688000
-115245056
-115851264
-115621888
-114622464
-115507200
-113901568
-115621888
-115589120
-115769344
-114442240
-114720768
-114458624
-114262016
-114819072
-115097600
-116473856
-116359168
-113950720
-113901568
-114868224
-114900992
-113688576
-112836608
-114819072
-114556928
-115474432
-114835456
-114343936
-114081792
-116031488
-114835456
-114835456
-114769920
-115687424
-116244480
-115720192
-115310592
-115163136
-115294208
-114786304
-116015104
-114114560
-114671616
-114720768
-114835456
-115556352
-114671616
-114130944
-115032064
-115179520
-114376704
-114655232
-115736576
-115867648
-116129792
-113410048
-114573312
-116539392
-114606080
-114212864
-115441664
-114753536
-115359744
-115343360
-114475008
-115933184
-115359744
-115015680
-114851840
-115081216
-114671616
-115965952
-114671616
-114556928
-115277824
-115376128
-114802688
-114262016
-115195904
-114704384
-114278400
-114589696
-114343936
-114245632
-114016256
-114081792
-114917376
-114802688
-115032064
-115343360
-114622464
-115376128
-114524160
-114835456
-114573312
-115130368
-115572736
-114442240
-115261440
-115294208
-115294208
-114917376
-114343936
-114655232
-114753536
-115572736
-115015680
-115245056
-114933760
-114933760
-114933760
-114540544
-114556928
-115195904
-114950144
-114409472
-115294208
-115195904
-115212288
-114376704
-114704384
-114917376
-114835456
-114819072
-114589696
-114655232
-115425280
-114802688
-114081792
-114278400
-114802688
-114212864
-114917376
-114556928
-115048448
-115081216
-115490816
-115179520
-114606080
-114262016
-115048448
-115343360
-115802112
-115326976
-113803264
-115245056
-114688000
-112951296
-114769920
-114049024
-115523584
-116178944
-115310592
-115343360
-114999296
-114851840
-114262016
-114851840
-114163712
-114343936
-114458624
-113721344
-114507776
-115802112
-114376704
-115671040
-115605504
-113770496
-114982912
-115752960
-115163136
-115245056
-114229248
-115851264
-115965952
-115310592
-113360896
-115245056
-115867648
-115654656
-114475008
-114622464
-116047872
-115261440
-114327552
-114180096
-114884608
-115654656
-115589120
-113164288
-114655232
-115752960
-116359168
-115015680
-115032064
-114294784
-116129792
-115343360
-114343936
-114409472
-115081216
-115687424
-114769920
-115539968
-115343360
-116441088
-115081216
-114851840
-114507776
-115474432
-115900416
-115884032
-114884608
-115916800
-116293632
-114049024
-114966528
-115916800
-116391936
-115212288
-115523584
-115343360
-115654656
-116113408
-116539392
-115851264
-114507776
-114655232
-116015104
-114507776
-114212864
-115392512
-114425856
-116064256
-116424704
-115867648
-115359744
-114884608
-116211712
-114376704
-115359744
-114475008
-115425280
-114147328
-115277824
-115851264
-115818496
-115294208
-116178944
-115703808
-115408896
-115867648
-115949568
-115474432
-115654656
-115851264
-116490240
-115965952
-115195904
-114917376
-115933184
-115245056
-115081216
-114180096
-114868224
-115458048
-115048448
-115523584
-115081216
-115900416
-115195904
-115539968
-115048448
-114900992
-115261440
-114589696
-115081216
-115605504
-115507200
-115408896
-115834880
-115671040
-114950144
-115163136
-114933760
-114900992
-114589696
-115277824
-115834880
-114737152
-114524160
-115228672
-115343360
-115736576
-114720768
-114475008
-115392512
-115359744
-114409472
-115572736
-115507200
-116359168
-114753536
-115179520
-114409472
-115081216
-115933184
-115556352
-116637696
-115539968
-114622464
-116670464
-116670464
-114966528
-115228672
-115638272
-114868224
-115916800
-114655232
-115261440
-115703808
-115785728
-113754112
-114851840
-116211712
-116162560
-115441664
-114081792
-115146752
-116457472
-116342784
-114884608
-115326976
-115195904
-116064256
-115081216
-115867648
-115539968
-116080640
-114851840
-115671040
-114819072
-114622464
-115752960
-115736576
-115376128
-114540544
-114589696
-114622464
-115949568
-115736576
-114704384
-113590272
-115752960
-116178944
-113737728
-114294784
-114032640
-116391936
-115195904
-114196480
-115589120
-116113408
-116539392
-115097600
-115654656
-116424704
-116539392
-115572736
-115589120
-115638272
-115654656
-114999296
-115687424
-114606080
-116146176
-114294784
-113344512
-114458624
-115867648
-113639424
-114311168
-115408896
-115015680
-114229248
-114491392
-115621888
-115326976
-115884032
-115703808
-115785728
-114753536
-115458048
-116064256
-116801536
-116031488
-114606080
-112689152
-114180096
-113393664
-119242752
-117571584
-111738880
-112263168
-115638272
-115048448
-113246208
-113655808
-116080640
-116850688
-116080640
-115474432
-116457472
-117047296
-115818496
-115933184
-115605504
-114835456
-114032640
-114655232
-115228672
-114753536
-113016832
-114098176
-115720192
-114606080
-115834880
-115720192
-115425280
-113917952
-116506624
-117620736
-117768192
-117080064
-117686272
-116899840
-114360320
-113491968
-113606656
-113721344
-112508928
-114147328
-116244480
-113164288
-115638272
-115326976
-116654080
-117440512
-116457472
-114950144
-114327552
-113786880
-113082368
-115359744
-114540544
-115261440
-112721920
-113278976
-113573888
-115179520
-114753536
-114409472
-114999296
-115900416
-114884608
-115425280
-112869376
-113377280
-115507200
-114704384
-113033216
-114098176
-114966528
-117735424
-116588544
-118521856
-116408320
-115933184
-114114560
-115654656
-116768768
-118259712
-120913920
-120324096
-107888640
-104644608
-106528768
-110739456
-114163712
-114835456
-117817344
-118013952
-117112832
-117981184
-118587392
-118456320
-115392512
-115326976
-116162560
-115916800
-115113984
-113819648
-116785152
-115097600
-116883456
-115539968
-115064832
-115376128
-116473856
-114769920
-113721344
-114769920
-114786304
-114917376
-114589696
-114606080
-115818496
-114933760
-114294784
-114294784
-114458624
-114884608
-115818496
-113672192
-112525312
-114786304
-117293056
-115408896
-114540544
-116572160
-115687424
-115048448
-114147328
-114589696
-116211712
-115408896
-115097600
-114868224
-114278400
-114360320
-115523584
-114393088
-115425280
-114819072
-114573312
-115392512
-114900992
-114868224
-114573312
-113934336
-115179520
-114622464
-114917376
-115245056
-114917376
-114343936
-113623040
-113999872
-115802112
-115867648
-116080640
-115802112
-115212288
-114638848
-114753536
-114851840
-113917952
-114278400
-114950144
-115720192
-114245632
-115081216
-114917376
-114376704
-114769920
-114655232
-114343936
-114999296
-114966528
-114933760
-115736576
-114704384
-114163712
-113803264
-114327552
-115081216
-114753536
-114589696
-114278400
-115359744
-115589120
-114753536
-115965952
-115736576
-114229248
-115032064
-115032064
-114688000
-115146752
-115015680
-115326976
-115441664
-115261440
-115179520
-114540544
-114376704
-115113984
-114802688
-115507200
-115277824
-116195328
-115556352
-115015680
-115359744
-115539968
-114294784
-114343936
-115130368
-114573312
-114606080
-114917376
-114982912
-115113984
-115441664
-114671616
-114802688
-115146752
-115376128
-114524160
-114655232
-115998720
-114294784
-114098176
-116555776
-115212288
-114671616
-114425856
-115376128
-115245056
-115146752
-115359744
-113688576
-116015104
-114769920
-115523584
-114491392
-115245056
-113573888
-113459200
-115621888
-114933760
-114425856
-113688576
-115884032
-115834880
-114065408
-114688000
-115572736
-115015680
-114081792
-113967104
-116080640
-116244480
-115015680
-116277248
-116129792
-115261440
-116867072
-117440512
-115326976
-114229248
-115949568
-116080640
-114245632
-114294784
-114868224
-113819648
-116359168
-116015104
-116277248
-114409472
-114556928
-115245056
-116211712
-115621888
-114376704
-115572736
-115097600
-115867648
-113508352
-115261440
-113016832
-115097600
-115572736
-114688000
-113475584
-115408896
-114966528
-114556928
-115654656
-114343936
-114376704
-114688000
-115113984
-114442240
-115032064
-115474432
-114393088
-116113408
-116064256
-115621888
-113917952
-115048448
-115015680
-114343936
-115261440
-113934336
-115195904
-115195904
-115572736
-115867648
-115294208
-115851264
-114966528
-115097600
-114737152
-115212288
-114982912
-115032064
-115474432
-115736576
-115228672
-115130368
-115376128
-115802112
-116031488
-116293632
-115392512
-114933760
-115720192
-115884032
-115523584
-115720192
-114655232
-115621888
-114720768
-114065408
-114671616
-115048448
-114671616
-115408896
-114360320
-115671040
-115441664
-116506624
-114180096
-114606080
-115490816
-115867648
-113655808
-114737152
-114982912
-115195904
-115179520
-115212288
-114786304
-115228672
-115326976
-115539968
-114688000
-115015680
-114343936
-115408896
-115572736
-115326976
-115376128
-114556928
-115621888
-114556928
-115032064
-114442240
-114540544
-115343360
-115638272
-115179520
-114655232
-115556352
-115064832
-115769344
-114753536
-115425280
-114409472
-116080640
-114475008
-115212288
-116604928
-115851264
-115408896
-115998720
-115687424
-115933184
-113197056
-113639424
-115032064
-116981760
-115032064
-113541120
-115195904
-117080064
-114606080
-114180096
-113623040
-112967680
-115965952
-114966528
-113885184
-114196480
-116326400
-114851840
-113590272
-113491968
-116113408
-114786304
-115982336
-114376704
-115703808
-115507200
-116654080
-115097600
-114753536
-114589696
-115638272
-115703808
-113934336
-113836032
-114589696
-115408896
-115097600
-115064832
-114442240
-115146752
-115212288
-114900992
-115113984
-114655232
-114720768
-115113984
-113541120
-114360320
-114393088
-114819072
-113491968
-112754688
-115900416
-113655808
-114376704
-115490816
-114786304
-115359744
-115982336
-115425280
-115621888
-114933760
-114475008
-115064832
-115671040
-115228672
-113623040
-114475008
-115261440
-114475008
-115294208
-114688000
-115818496
-113950720
-115671040
-115163136
-115326976
-115572736
-115638272
-115441664
-116113408
-115703808
-115048448
-114933760
-115458048
-115458048
-113770496
-115163136
-114589696
-115113984
-115048448
-114475008
-115032064
-115376128
-114589696
-114737152
-114655232
-114311168
-114524160
-115146752
-114835456
-114425856
-115163136
-115572736
-114393088
-114606080
-115523584
-114884608
-114606080
-114671616
-114524160
-115064832
-115163136
-113836032
-115638272
-114884608
-114376704
-114065408
-114458624
-114032640
-114835456
-114606080
-114442240
-114425856
-115163136
-114327552
-114704384
-115097600
-115097600
-115294208
-114999296
-115441664
-115113984
-116031488
-114835456
-114655232
-114180096
-114868224
-114327552
-114065408
-113836032
-114769920
-114065408
-114966528
-114786304
-114786304
-114802688
-115146752
-115032064
-114786304
-114900992
-115572736
-114556928
-114966528
-114475008
-114688000
-115179520
-114196480
-114720768
-115015680
-113410048
-113852416
-114262016
-114491392
-114130944
-115425280
-114917376
-114311168
-114835456
-115523584
-114524160
-115130368
-115474432
-115474432
-114868224
-114737152
-115277824
-115064832
-115130368
-115294208
-114900992
-114786304
-114327552
-114638848
-114737152
-115064832
-114475008
-114753536
-114786304
-114982912
-114704384
-114786304
-114769920
-114507776
-114753536
-115097600
-114868224
-114851840
-114982912
-114786304
-114950144
-114606080
-114343936
-114409472
-114622464
-115228672
-115392512
-114835456
-115310592
-115425280
-115621888
-115474432
-115441664
-115130368
-114737152
-115245056
-115163136
-114999296
-115195904
-115015680
-114933760
-114360320
-114212864
-113983488
-113704960
-114589696
-114884608
-114819072
-115441664
-115015680
-115032064
-115245056
-115064832
-114638848
-114982912
-115163136
-115441664
-114524160
-115163136
-114917376
-114589696
-114065408
-114606080
-113688576
-114442240
-114671616
-114688000
-114917376
-114212864
-114425856
-114999296
-115064832
-115310592
-115736576
-114081792
-115294208
-115310592
-115179520
-114507776
-114900992
-114769920
-114327552
-114294784
-114622464
-114950144
-114720768
-114524160
-115572736
-115179520
-115326976
-114753536
-115163136
-115032064
-114262016
-114262016
-114753536
-114622464
-114049024
-114769920
-114819072
-114130944
-114720768
-114786304
-114819072
-114606080
-114999296
-114458624
-114966528
-114376704
-115245056
-115621888
-114982912
-115294208
-115015680
-115441664
-115146752
-114982912
-114966528
-114343936
-114655232
-114311168
-114606080
-115015680
-114884608
-114262016
-114245632
-115130368
-114458624
-114966528
-115326976
-114524160
-114868224
-114786304
-114933760
-114491392
-114900992
-114573312
-114098176
-114868224
-114556928
-114688000
-115359744
-115556352
-114720768
-115687424
-114868224
-114982912
-114737152
-114442240
-114819072
-114409472
-114999296
-114622464
-115097600
-114425856
-115687424
-114671616
-115228672
-114982912
-114180096
-115326976
-115097600
-115392512
-114737152
-115310592
-115081216
-115261440
-114884608
-114802688
-114982912
-114737152
-114491392
-115474432
-114835456
-115277824
-115507200
-115343360
-114442240
-115933184
-114917376
-115032064
-115523584
-114327552
-115130368
-114835456
-114835456
-114786304
-114638848
-114114560
-113606656
-114835456
-114343936
-114065408
-114868224
-115032064
-114147328
-115113984
-115081216
-114950144
-114720768
-114163712
-115638272
-115032064
-114769920
-114851840
-114638848
-114868224
-114589696
-115146752
-114393088
-114556928
-114982912
-114950144
-114900992
-114655232
-114802688
-115163136
-114442240
-114507776
-115490816
-115245056
-113868800
-114933760
-114507776
-115064832
-114229248
-114458624
-114180096
-114491392
-114278400
-114868224
-114917376
-115015680
-115212288
-114966528
-114851840
-114589696
-114966528
-114884608
-114900992
-114950144
-115064832
-115294208
-114245632
-114507776
-115048448
-114130944
-114671616
-115163136
-114769920
-115310592
-115163136
-114884608
-114982912
-114655232
-114802688
-115048448
-114556928
-114720768
-114425856
-114589696
-113885184
-114114560
-114098176
-115261440
-114556928
-114606080
-114343936
-114835456
-115163136
-115572736
-113393664
-114900992
-114704384
-115195904
-114917376
-115408896
-114606080
-114475008
-114622464
-114573312
-114229248
-114376704
-114638848
-115081216
-114819072
-114950144
-115015680
-115146752
-114720768
-115179520
-114606080
-114311168
-114524160
-114212864
-114884608
-114409472
-115343360
-115097600
-115064832
-115294208
-115097600
-114655232
-115425280
-114999296
-114884608
-113967104
-114802688
-114688000
-114868224
-115081216
-115163136
-114524160
-114065408
-114262016
-114966528
-114884608
-115113984
-115294208
-115032064
-115605504
-114606080
-114802688
-114835456
-115212288
-115113984
-114786304
-114900992
-115965952
-114933760
-115310592
-114769920
-114573312
-115113984
-114917376
-114491392
-114769920
-115752960
-115097600
-115671040
-116031488
-115081216
-115097600
-114655232
-114999296
-114475008
-115015680
-115163136
-114851840
-114982912
-115245056
-114458624
-114950144
-114049024
-114442240
-114458624
-114688000
-115179520
-115539968
-115113984
-115507200
-114704384
-114409472
-114917376
-114442240
-114802688
-114982912
-114147328
-114147328
-114884608
-115081216
-114556928
-115032064
-114327552
-115081216
-114458624
-114491392
-115310592
-114835456
-114769920
-115326976
-114671616
-115343360
-114311168
-114704384
-115277824
-114425856
-115048448
-115212288
-114622464
-114589696
-114851840
-114982912
-114966528
-113901568
-115130368
-115113984
-115228672
-115261440
-114950144
-114999296
-114016256
-114851840
-114917376
-114900992
-114114560
-115392512
-114982912
-114704384
-115163136
-115228672
-114196480
-113967104
-114540544
-114409472
-114458624
-114442240
-114409472
-114720768
-114360320
-114868224
-114425856
-114802688
-115081216
-114868224
-115032064
-115015680
-114933760
-115310592
-114458624
-115064832
-115671040
-114606080
-114982912
-115015680
-115638272
-114737152
-114098176
-114917376
-114950144
-114819072
-114409472
-114622464
-115326976
-115212288
-114884608
-114737152
-115212288
-115179520
-114769920
-114917376
-114311168
-115064832
-114753536
-114819072
-114622464
-114409472
-114606080
-115064832
-114884608
-114966528
-115654656
-114769920
-115326976
-115179520
-114376704
-115589120
-114573312
-114475008
-114671616
-114655232
-114950144
-115556352
-114671616
-114589696
-114950144
-113704960
-114524160
-114425856
-114540544
-114475008
-115212288
-114589696
-115212288
-114917376
-114688000
-115539968
-115408896
-116277248
-114819072
-114278400
-115015680
-114442240
-114655232
-114917376
-115015680
-114868224
-114491392
-114556928
-114917376
-114819072
-115359744
-114851840
-115359744
-115130368
-115277824
-115703808
-114507776
-114802688
-114982912
-114688000
-114475008
-115032064
-114606080
-114688000
-115212288
-114802688
-114868224
-115097600
-114819072
-115294208
-114999296
-115146752
-114655232
-115277824
-115572736
-115081216
-114704384
-115015680
-115179520
-114819072
-114589696
-114622464
-114802688
-115228672
-115064832
-115310592
-114130944
-115310592
-114802688
-114573312
-114720768
-114540544
-114458624
-114245632
-115048448
-115638272
-114556928
-114163712
-115048448
-115867648
-114589696
-114442240
-115163136
-114966528
-115064832
-115294208
-114671616
-115015680
-114409472
-114819072
-114130944
-114655232
-114655232
-114835456
-114966528
-114982912
-114458624
-115179520
-115163136
-115769344
-114819072
-114753536
-114950144
-115212288
-114098176
-115523584
-115032064
-114622464
-114327552
-115146752
-114573312
-114016256
-114655232
-114638848
-114851840
-114950144
-114573312
-115163136
-114802688
-115032064
-115163136
-114589696
-114851840
-114720768
-114130944
-115097600
-114655232
-113655808
-114950144
-115523584
-114245632
-114753536
-115228672
-114475008
-114982912
-114868224
-114982912
-114655232
-114262016
-114802688
-115179520
-114343936
-113983488
-114933760
-114360320
-114622464
-115081216
-114393088
-115163136
-115458048
-114393088
-115523584
-114769920
-114704384
-115195904
-114737152
-115245056
-114671616
-114999296
-115523584
-114327552
-114032640
-114884608
-115146752
-114671616
-114900992
-114753536
-115048448
-114638848
-115163136
-115113984
-114966528
-114475008
-114573312
-114900992
-114606080
-114589696
-114556928
-114851840
-114982912
-115032064
-114458624
-114065408
-115228672
-114425856
-114507776
-115294208
-114507776
-115113984
-115277824
-114884608
-115130368
-114868224
-114704384
-114769920
-114425856
-115326976
-114786304
-115097600
-115392512
-114671616
-115408896
-114507776
-114130944
-114966528
-115294208
-114900992
-114393088
-114917376
-114638848
-114393088
-114507776
-114704384
-115343360
-114999296
-114802688
-115310592
-114540544
-114589696
-114900992
-114540544
-114671616
-114966528
-114507776
-114982912
-115146752
-114638848
-114851840
-114262016
-114245632
-114589696
-114130944
-114737152
-115179520
-115163136
-114835456
-115097600
-114606080
-114884608
-114638848
-115359744
-115671040
-114491392
-115032064
-114622464
-115261440
-114835456
-114900992
-115032064
-115359744
-115048448
-114900992
-114475008
-114376704
-115097600
-114638848
-115195904
-115113984
-114704384
-114835456
-114491392
-114196480
-114835456
-113934336
-114999296
-114950144
-114507776
-114540544
-115261440
-115359744
-114688000
-114606080
-114900992
-114900992
-114688000
-114933760
-115392512
-115212288
-115425280
-115113984
-114950144
-114966528
-114737152
-115277824
-115163136
-114933760
-115720192
-115703808
-115294208
-115703808
-115982336
-115097600
-115736576
-115326976
-115851264
-115425280
-115605504
-115687424
-115818496
-115326976
-115572736
-115982336
-114688000
-115507200
-115834880
-115884032
-115703808
-116244480
-116031488
-115949568
-115392512
-116097024
-114933760
-115408896
-115638272
-115343360
-114900992
-115359744
-115212288
-115605504
-114491392
-114704384
-115064832
-114999296
-114475008
-114917376
-114376704
-115228672
-114458624
-114786304
-114606080
-113983488
-114376704
-114622464
-113737728
-114343936
-114606080
-114147328
-113475584
-114196480
-113983488
-113934336
-114409472
-114049024
-113852416
-113688576
-113672192
-113459200
-113606656
-113754112
-113590272
-113508352
-113246208
-113115136
-113344512
-113180672
-113164288
-113491968
-113508352
-113360896
-113115136
-113688576
-114278400
-113180672
-113180672
-113311744
-113082368
-113049600
-113147904
-113033216
-113229824
-113410048
-112918528
-112967680
-112885760
-113836032
-112590848
-112214016
-113475584
-112967680
-113426432
-113410048
-113410048
-113033216
-112623616
-112377856
-112295936
-113278976
-113278976
-112951296
-113311744
-113672192
-112721920
-113524736
-113655808
-113360896
-113360896
-113590272
-113672192
-112656384
-113639424
-114098176
-113426432
-114098176
-113950720
-113213440
-112738304
-113672192
-113917952
-113737728
-113770496
-114376704
-114016256
-113786880
-113721344
-113491968
-113983488
-113836032
-114130944
-113639424
-113573888
-113901568
-113917952
-113803264
-114016256
-114065408
-113524736
-114278400
-114098176
-113754112
-114114560
-113508352
-114442240
-114016256
-113885184
-114343936
-113786880
-113803264
-114491392
-114262016
-114196480
-114753536
-114540544
-113852416
-114753536
-113819648
-114393088
-114524160
-114212864
-114196480
-114769920
-113573888
-114638848
-113868800
-114343936
-113246208
-114278400
-114671616
-114638848
-114114560
-114327552
-114196480
-114147328
-114180096
-114884608
-114720768
-114475008
-115048448
-114311168
-113983488
-114917376
-114114560
-114524160
-114458624
-113836032
-114294784
-114475008
-114475008
-114671616
-114540544
-114049024
-114147328
-114065408
-114229248
-114753536
-114786304
-114491392
-114737152
-114606080
-114049024
-114065408
-113901568
-114196480
-113704960
-114114560
-114425856
-114917376
-114311168
-115048448
-114982912
-114573312
-115490816
-114540544
-114720768
-114262016
-114671616
-114950144
-114769920
-114933760
-114786304
-114671616
-114950144
-114507776
-113917952
-114704384
-114917376
-114475008
-115064832
-114900992
-115064832
-114753536
-114753536
-114442240
-114688000
-114163712
-114442240
-114950144
-114507776
-114720768
-114442240
-114540544
-114704384
-114589696
-114507776
-114049024
-114786304
-115343360
-114409472
-115130368
-115359744
-115113984
-115179520
-114802688
-114262016
-114884608
-114573312
-114278400
-114802688
-115113984
-114753536
-114475008
-114458624
-115343360
-114786304
-114769920
-115179520
-115179520
-114343936
-115048448
-114507776
-114704384
-114900992
-114458624
-114245632
-114491392
-114671616
-114475008
-114638848
-115081216
-115048448
-114507776
-114458624
-115458048
-114917376
-114720768
-115277824
-115048448
-114556928
-114769920
-114425856
-114753536
-114114560
-114786304
-115015680
-114409472
-114704384
-114524160
-114737152
-114819072
-114589696
-114737152
-114786304
-115376128
-115048448
-115277824
-114212864
-114835456
-114868224
-115163136
-114245632
-114720768
-114851840
-115163136
-114376704
-115277824
-115556352
-114802688
-114868224
-115130368
-114999296
-114868224
-113917952
-114311168
-114475008
-114491392
-114327552
-114720768
-113967104
-113655808
-114262016
-114573312
-114163712
-114393088
-114327552
-114982912
-114704384
-114868224
-114032640
-114409472
-115343360
-115294208
-115032064
-114884608
-114966528
-114589696
-115097600
-114966528
-115032064
-114720768
-114425856
-114868224
-114032640
-115245056
-114900992
-114556928
-114196480
-114819072
-114065408
-114180096
-114556928
-114851840
-114835456
-114868224
-114704384
-114786304
-114622464
-114688000
-113655808
-114425856
-114294784
-114229248
-114425856
-115179520
-114540544
-114786304
-114769920
-114425856
-114589696
-114212864
-114966528
-114425856
-115212288
-114622464
-114982912
-114966528
-114933760
-114491392
-115130368
-114294784
-114065408
-114966528
-114507776
-114851840
-114966528
-114900992
-114900992
-113934336
-113901568
-114475008
-114114560
-114966528
-114524160
-114327552
-113950720
-114589696
-114950144
-114311168
-114573312
-114425856
-114032640
-114180096
-115245056
-113868800
-113557504
-114425856
-114606080
-113688576
-114884608
-114065408
-114196480
-114638848
-113393664
-114671616
-114966528
-114737152
-114540544
-115458048
-114769920
-114016256
-114081792
-114671616
-114163712
-114589696
-114147328
-115032064
-114688000
-114212864
-114343936
-113360896
-114376704
-114049024
-114475008
-114294784
-115408896
-114311168
-114819072
-114425856
-114114560
-115146752
-114491392
-114655232
-113901568
-114769920
-114982912
-114851840
-113950720
-114769920
-114475008
-114065408
-114360320
-114524160
-113836032
-114294784
-115802112
-115638272
-114311168
-114589696
-114425856
-114900992
-114130944
-114130944
-114343936
-114884608
-114966528
-114589696
-114917376
-115163136
-115294208
-113770496
-114212864
-114753536
-114688000
-114458624
-115294208
-114769920
-113639424
-114245632
-114425856
-114262016
-114262016
-114704384
-113934336
-114081792
-114573312
-114491392
-114851840
-114507776
-115228672
-115032064
-114917376
-114212864
-114343936
-114294784
-113934336
-113901568
-114098176
-114130944
-114311168
-114524160
-114442240
-114556928
-114638848
-113639424
-114196480
-114573312
-114671616
-114638848
-114376704
-114507776
-114147328
-115310592
-114524160
-114196480
-114245632
-114376704
-114671616
-115523584
-114524160
-114655232
-114868224
-114507776
-115326976
-114622464
-114786304
-114688000
-114982912
-114343936
-116424704
-115113984
-113819648
-113967104
-116162560
-115294208
-113410048
-114065408
-114409472
-113917952
-117047296
-115146752
-114278400
-114540544
-115474432
-114163712
-114294784
-114163712
-116047872
-115671040
-114933760
-115965952
-115458048
-116097024
-116621312
-116228096
-115212288
-114851840
-115752960
-115720192
-114950144
-115081216
-116244480
-116424704
-114606080
-114851840
-115376128
-114835456
-116211712
-114671616
-116097024
-115277824
-115359744
-114507776
-115621888
-115834880
-115081216
-114950144
-115392512
-116490240
-116604928
-115605504
-115523584
-116441088
-115851264
-114229248
-114966528
-115605504
-116375552
-115376128
-115851264
-115572736
-115933184
-115228672
-116260864
-115523584
-116473856
-115687424
-116391936
-115015680
-114999296
-115867648
-116031488
-114851840
-116244480
-115736576
-116555776
-115064832
-116391936
-116555776
-116424704
-116391936
-115064832
-117014528
-115654656
-117506048
-114982912
-116342784
-115261440
-116490240
-116473856
-115458048
-115392512
-115032064
-117178368
-115605504
-117440512
-114540544
-114835456
-117243904
-116113408
-115900416
-114868224
-116129792
-116211712
-116490240
-116015104
-115621888
-115933184
-115179520
-116375552
-115458048
-116047872
-115949568
-115916800
-115638272
-116850688
-115376128
-115507200
-115277824
-116523008
-115851264
-115720192
-116260864
-116015104
-116408320
-116539392
-115195904
-115064832
-115785728
-114900992
-116031488
-115441664
-116097024
-114491392
-114147328
-113836032
-115064832
-114802688
-115245056
-115326976
-116080640
-115769344
-115097600
-114212864
-114671616
-115392512
-114065408
-114376704
-114606080
-115605504
-116195328
-115556352
-115179520
-114950144
-115589120
-116441088
-115736576
-114081792
-115179520
-115523584
-114737152
-114720768
-115572736
-116195328
-116031488
-115015680
-114130944
-114655232
-115048448
-114180096
-115179520
-115621888
-114884608
-115261440
-115392512
-114573312
-114327552
-115802112
-114950144
-114622464
-114786304
-117063680
-114999296
-115376128
-114589696
-115015680
-114049024
-115261440
-115998720
-114819072
-114933760
-115097600
-115720192
-114868224
-115851264
-115081216
-114671616
-115425280
-115261440
-114851840
-114786304
-115654656
-115654656
-114196480
-115785728
-116916224
-115212288
-115900416
-115818496
-114589696
-115900416
-115474432
-114688000
-116916224
-116408320
-116604928
-115752960
-115523584
-114049024
-115556352
-116031488
-114638848
-114933760
-117391360
-117063680
-114819072
-116162560
-116031488
-116113408
-116588544
-116654080
-114196480
-114999296
-115277824
-115015680
-114425856
-113901568
-115425280
-115490816
-114606080
-114163712
-115490816
-115736576
-116310016
-115212288
-113606656
-115048448
-115539968
-116129792
-115605504
-115785728
-115015680
-116047872
-115359744
-116195328
-116310016
-114769920
-115228672
-114655232
-114900992
-114769920
-115441664
-114868224
-115294208
-114917376
-116211712
-115638272
-115408896
-115458048
-116211712
-115277824
-115687424
-115982336
-115507200
-115425280
-114327552
-114556928
-115163136
-114376704
-114835456
-114556928
-114360320
-114982912
-115081216
-115359744
-114343936
-114524160
-115048448
-115851264
-114491392
-114606080
-114458624
-114065408
-114540544
-114376704
-114491392
-114753536
-115572736
-115392512
-115326976
-115769344
-115539968
-114933760
-115113984
-115572736
-113917952
-114360320
-114786304
-115359744
-114933760
-115654656
-115376128
-115539968
-115245056
-114442240
-115490816
-115539968
-114966528
-115212288
-115671040
-114556928
-115343360
-115179520
-114884608
-114245632
-115277824
-115179520
-114868224
-114802688
-116129792
-114442240
-115867648
-114982912
-114409472
-115310592
-114982912
-115261440
-114737152
-114425856
-115032064
-115179520
-114884608
-115687424
-114622464
-115982336
-115556352
-113491968
-114737152
-114163712
-114442240
-114589696
-113541120
-115523584
-115441664
-114229248
-114343936
-114638848
-115556352
-115507200
-114524160
-114671616
-114393088
-114081792
-114868224
-114556928
-113901568
-114622464
-114900992
-115294208
-114425856
-113983488
-115671040
-114507776
-114507776
-115507200
-114671616
-114868224
-115359744
-114917376
-114900992
-114835456
-114589696
-115113984
-114802688
-115212288
-115064832
-115179520
-115392512
-114819072
-115294208
-115097600
-115720192
-115572736
-115392512
-115736576
-117063680
-115392512
-115376128
-115032064
-115376128
-116146176
-115277824
-114556928
-114933760
-115638272
-113934336
-115277824
-114802688
-114966528
-114933760
-114655232
-114425856
-113803264
-115671040
-115671040
-115048448
-115048448
-115933184
-115589120
-115736576
-114884608
-114491392
-116146176
-114819072
-115294208
-115654656
-114278400
-115163136
-115261440
-114720768
-115884032
-115245056
-115408896
-114622464
-114163712
-114688000
-114245632
-115179520
-115654656
-115146752
-115474432
-115769344
-114606080
-115474432
-115605504
-116064256
-116817920
-114688000
-115245056
-116129792
-115752960
-115458048
-114966528
-115736576
-116572160
-116736000
-115884032
-116146176
-115179520
-115605504
-115998720
-115130368
-115130368
-115965952
-115589120
-115654656
-115572736
-115408896
-116604928
-116064256
-116457472
-114982912
-114294784
-115965952
-116326400
-116244480
-116457472
-116080640
-115032064
-116228096
-115982336
-115998720
-114835456
-116195328
-115097600
-116408320
-115359744
-116080640
-114786304
-115834880
-115785728
-115671040
-116736000
-114900992
-114540544
-116080640
-115359744
-114393088
-114049024
-115900416
-115638272
-115687424
-115376128
-114032640
-113983488
-115834880
-115064832
-115081216
-115277824
-115343360
-115376128
-115392512
-116981760
-113999872
-114900992
-114540544
-115130368
-116146176
-114212864
-114753536
-115245056
-115228672
-114966528
-115425280
-115163136
-116015104
-114229248
-115081216
-116277248
-113606656
-114753536
-114966528
-115228672
-115556352
-115113984
-115015680
-114950144
-115752960
-115572736
-115490816
-114704384
-114180096
-115408896
-115163136
-114982912
-115539968
-115146752
-115064832
-113868800
-114098176
-114294784
-113967104
-114884608
-114966528
-113950720
-114556928
-114933760
-113967104
-114311168
-115310592
-115228672
-114212864
-114589696
-114933760
-114851840
-115539968
-115605504
-115982336
-114900992
-115228672
-115359744
-115097600
-115212288
-114098176
-114753536
-114524160
-114442240
-114524160
-114458624
-115097600
-114425856
-113737728
-115179520
-114556928
-114032640
-115687424
-115294208
-113770496
-114819072
-115277824
-115113984
-115163136
-114868224
-114098176
-115228672
-114196480
-114900992
-114622464
-114933760
-114671616
-114917376
-114163712
-115359744
-114049024
-113508352
-113442816
-114720768
-115146752
-114327552
-113967104
-114376704
-114524160
-114769920
-114802688
-113983488
-113819648
-114475008
-116129792
-115032064
-114032640
-115245056
-114868224
-115015680
-115408896
-114507776
-114343936
-113688576
-114278400
-114098176
-113639424
-114212864
-114360320
-113901568
-114212864
-115130368
-113606656
-114196480
-114081792
-114638848
-113950720
-115113984
-113426432
-114311168
-113983488
-114786304
-114294784
-113852416
-114655232
-114278400
-114262016
-113491968
-114999296
-114245632
-114524160
-114262016
-114049024
-113885184
-115589120
-113360896
-114343936
-115064832
-114081792
-114999296
-115605504
-115032064
-114606080
-114819072
-114098176
-114278400
-115245056
-115982336
-114589696
-115015680
-115785728
-115818496
-114245632
-114868224
-115359744
-116260864
-115720192
-116473856
-116539392
-115556352
-114720768
-115949568
-115490816
-115785728
-114720768
-115654656
-116064256
-115769344
-114556928
-114491392
-115359744
-115752960
-114884608
-114376704
-115163136
-115523584
-116473856
-114999296
-114212864
-114802688
-115638272
-115507200
-114950144
-114114560
-115097600
-114180096
-114688000
-114475008
-114589696
-113901568
-114425856
-114606080
-114475008
-114704384
-115245056
-114262016
-115097600
-114262016
-114556928
-114229248
-114491392
-113098752
-114098176
-113770496
-114917376
-114294784
-114065408
-113655808
-114606080
-113868800
-113950720
-114032640
-114081792
-113836032
-113672192
-113524736
-114409472
-113983488
-114704384
-113688576
-113541120
-114245632
-113295360
-113983488
-113328128
-113328128
-113328128
-113803264
-113737728
-113147904
-113344512
-113590272
-114540544
-113983488
-113426432
-112836608
-114393088
-113983488
-113410048
-112394240
-112771072
-113852416
-113344512
-114081792
-113229824
-112852992
-114212864
-113180672
-113836032
-113639424
-113524736
-113950720
-114032640
-113278976
-113278976
-113639424
-114065408
-112787456
-112951296
-113360896
-113836032
-114524160
-113262592
-113737728
-114032640
-113295360
-112902144
-113770496
-112705536
-112869376
-113295360
-113246208
-113885184
-113197056
-112721920
-112803840
-112902144
-113688576
-113295360
-113180672
-113901568
-112492544
-113442816
-114130944
-114868224
-112984064
-113885184
-113426432
-113590272
-112820224
-112984064
-113508352
-113983488
-113475584
-114081792
-113115136
-113934336
-113246208
-113328128
-113672192
-112476160
-113983488
-113983488
-113868800
-113147904
-113541120
-113868800
-113491968
-113000448
-114491392
-114212864
-113180672
-113164288
-114196480
-113754112
-113967104
-112443392
-113721344
-112558080
-114130944
-113016832
-114835456
-112705536
-113541120
-112672768
-114507776
-113868800
-113803264
-113115136
-114524160
-113131520
-114917376
-112082944
-114589696
-112476160
-113868800
-112787456
-113754112
-113098752
-114737152
-113803264
-113950720
-113065984
-113868800
-113573888
-113557504
-114049024
-113491968
-114245632
-113410048
-114343936
-113557504
-113541120
-114606080
-114049024
-116654080